V1	V2	V3	V4	V5	V6
1	6	143	146	168	349	7.85225260786973
2	6	143	146	152	349	7.7936321165662
3	6	143	152	168	349	7.76576709519759
4	6	146	152	168	349	7.75176552064626
5	143	146	152	168	349	7.72114057894907
6	6	146	168	280	349	7.71858866192695
7	6	143	146	280	349	7.71631544421871
8	6	143	152	280	349	7.70373718419913
9	6	146	168	349	1096	7.70102612616333
10	6	143	168	280	349	7.69703204092192
11	6	143	152	349	1592	7.69345103424836
12	6	143	168	349	521	7.67456643651836
13	6	143	152	241	349	7.67450198167836
14	6	143	152	349	668	7.67198391417406
15	6	143	168	349	1096	7.67134613547657
16	6	146	168	349	1482	7.66353985684459
17	6	143	146	241	349	7.66201655869126
18	6	146	168	349	521	7.66071318555556
19	6	146	152	280	349	7.65442257714556
20	6	143	146	349	1096	7.65378093093717
21	143	146	168	241	349	7.65092496209674
22	6	143	168	241	349	7.64731287521265
23	143	146	152	241	349	7.64651809930389
24	6	146	168	241	349	7.6430955208288
25	6	143	146	349	1482	7.64190731567029
26	6	143	152	203	349	7.64091477352641
27	143	146	168	349	1096	7.64027713111582
28	143	146	168	280	349	7.63873982701668
29	146	168	280	349	1096	7.63843056679041
30	6	143	168	349	1592	7.63621413682043
31	143	152	168	241	349	7.63553550474407
32	6	143	280	349	1096	7.63531725299655
33	143	152	203	349	668	7.63472016265182
34	6	143	152	349	1482	7.6344071220932
35	6	143	146	349	668	7.63377235140877
36	6	143	152	349	1096	7.63370938212429
37	143	146	168	349	521	7.63092606959168
38	6	146	280	349	1096	7.62968421118108
39	143	203	349	668	1083	7.629061356667
40	143	152	203	241	349	7.62460425421829
41	143	152	241	349	1592	7.62421563129681
42	143	152	349	668	1083	7.61820871300578
43	6	143	168	349	1482	7.61735189186843
44	143	152	241	349	668	7.61621639475469
45	146	152	168	241	349	7.61565603765699
46	143	146	152	280	349	7.61384900103531
47	6	146	168	349	1592	7.61342752820366
48	143	152	241	349	1073	7.61187041243337
49	6	146	152	349	1482	7.60972385901076
50	146	152	168	349	1096	7.60634857994669
51	146	152	168	280	349	7.60418119495911
52	6	143	349	668	1083	7.60269259411701
53	6	143	168	349	668	7.60261120550287
54	6	146	152	349	1592	7.599793197573
55	6	146	152	241	349	7.59941339923592
56	6	146	168	349	1995	7.59895988900776
57	143	152	168	280	349	7.59828668665731
58	6	143	146	203	349	7.59581461742716
59	6	143	146	349	392	7.59523804957247
60	143	146	168	349	1482	7.59431794446144
61	6	143	280	349	1592	7.59397840467122
62	6	143	152	310	349	7.59370951933669
63	143	146	152	349	668	7.59289286937825
64	6	146	152	349	1096	7.59251814475246
65	143	152	168	349	1096	7.59233070196317
66	143	146	152	203	349	7.59114350400754
67	146	152	168	349	1482	7.5894687228175
68	143	168	280	349	1096	7.58885449325052
69	143	152	241	280	349	7.58811788393282
70	143	241	349	668	1083	7.58620592257724
71	143	152	349	668	1592	7.58534408044931
72	143	152	280	349	1096	7.58494740522041
73	6	143	152	349	392	7.58479727103379
74	6	146	168	349	531	7.58361472181745
75	6	146	280	349	1482	7.58135351961017
76	146	280	349	392	1096	7.57995924303296
77	143	146	152	349	1482	7.57977720542763
78	143	152	241	310	349	7.57977086391626
79	6	143	146	349	1083	7.57914768901603
80	6	143	168	203	349	7.5789010860791
81	143	152	168	203	349	7.57795106157827
82	6	143	146	310	349	7.57618329515012
83	143	152	203	349	1592	7.5754788928075
84	6	146	168	349	392	7.57521195018918
85	6	146	280	349	392	7.57428171516485
86	143	152	168	349	1592	7.57422117997125
87	6	146	168	349	668	7.57394666958864
88	6	143	168	349	531	7.57292842783366
89	6	146	152	349	668	7.57244815020124
90	6	146	168	349	1083	7.57213808146797
91	6	143	280	349	392	7.57144771802858
92	6	143	241	280	349	7.57124966866414
93	143	146	168	349	531	7.57111548823178
94	143	146	152	349	1096	7.57104440850497
95	6	143	241	349	1592	7.5705950186127
96	6	143	280	349	1482	7.57047858713625
97	143	152	310	349	668	7.5691472488103
98	6	143	168	349	1083	7.56696547740361
99	143	152	168	349	668	7.56545281239114
100	146	152	280	349	1096	7.5636522507017
101	6	143	152	349	1083	7.56301037625586
102	6	152	168	349	1592	7.5615761919577
103	146	168	349	531	1096	7.56116733410215
104	143	349	668	1083	2246	7.56116415193214
105	146	168	241	349	1096	7.5607717407458
106	143	146	168	203	349	7.56072578581879
107	143	152	280	349	1592	7.56063103355929
108	349	668	1083	2184	2246	7.56028551508792
109	143	146	280	349	1096	7.55898658172051
110	143	152	168	349	1482	7.55894287054457
111	6	152	280	349	1592	7.55793467995881
112	6	143	349	668	1592	7.55710449040835
113	146	168	280	349	1482	7.556014303832
114	6	143	152	349	551	7.55522050737259
115	143	146	168	349	668	7.55511612996562
116	6	143	152	222	349	7.55452154038976
117	143	152	241	349	1096	7.55354651775319
118	6	146	168	349	719	7.55238253520553
119	6	146	152	349	392	7.55207307261369
120	143	152	241	349	1482	7.55201576636122
121	6	143	146	349	531	7.55078599037984
122	143	152	241	349	531	7.55064239643673
123	143	203	241	349	668	7.54937756347785
124	143	280	349	392	1096	7.54910579336184
125	143	349	668	1083	1669	7.54722067128426
126	143	152	349	668	1669	7.54659741157559
127	143	152	203	349	1073	7.54657896085634
128	6	143	203	349	668	7.54543764026251
129	146	168	241	280	349	7.54287784061422
130	6	143	146	349	719	7.54172208350912
131	143	152	280	349	1482	7.54071515154964
132	6	143	280	349	668	7.54056656343064
133	6	143	146	349	551	7.53992419129046
134	6	143	152	349	531	7.5397886596995
135	6	143	168	310	349	7.53907747574509
136	143	310	349	668	1083	7.53894245373469
137	152	349	668	1083	1592	7.53848800614597
138	143	152	203	310	349	7.53820332121562
139	152	241	349	668	1592	7.5378626339172
140	6	143	241	349	668	7.53776121833312
141	143	146	349	668	1083	7.53752383066828
142	6	14	143	152	349	7.53723505795475
143	6	143	168	349	392	7.53706492055069
144	143	168	241	349	1096	7.53696964259479
145	6	143	152	349	1073	7.53687768982495
146	152	241	349	1073	1592	7.53652755623327
147	143	146	168	349	1083	7.53626124250217
148	146	152	280	349	1482	7.53592797132034
149	6	146	280	349	1592	7.53587876355221
150	146	152	168	349	1995	7.53583936479022
151	146	152	168	349	1592	7.53577245865124
152	6	146	349	392	1096	7.53468115775051
153	146	168	241	349	531	7.53437693750826
154	6	146	152	349	1995	7.53394960917366
155	143	146	152	310	349	7.53384914907905
156	6	152	241	349	1592	7.53384100151811
157	6	143	152	266	349	7.53365601204064
158	146	152	241	280	349	7.53292538434351
159	143	152	168	349	531	7.53224327721166
160	143	152	280	349	668	7.53205375605617
161	6	146	241	280	349	7.53171928177806
162	143	152	168	349	521	7.5313414285076
163	143	146	241	280	349	7.52960008863294
164	143	168	241	349	531	7.52956853606021
165	143	349	668	1083	1592	7.52797767950809
166	143	152	203	349	1083	7.52786506620104
167	146	152	168	349	531	7.52726745849222
168	143	168	241	280	349	7.52719911214494
169	146	168	349	1096	1482	7.52704991795828
170	6	143	146	349	1592	7.52650124980875
171	143	152	241	349	1083	7.52627326219263
172	146	168	349	392	1096	7.5262428638016
173	143	168	349	668	1083	7.52576658343736
174	6	146	168	203	349	7.52546779274307
175	203	349	668	1083	1592	7.52530633006882
176	143	152	280	349	392	7.52519050714889
177	241	349	668	1083	1592	7.5250289781242
178	146	152	241	349	1592	7.52467990208569
179	143	241	310	349	668	7.52383954617546
180	6	143	349	392	1096	7.52372379093252
181	143	203	310	349	668	7.52353563355618
182	6	82	146	152	349	7.52307554871032
183	6	143	168	222	349	7.5230323558789
184	143	168	349	531	1096	7.52246158758349
185	6	146	349	668	1083	7.52233100875988
186	146	152	349	668	1083	7.52218501494541
187	143	152	349	668	1096	7.52207713987653
188	6	152	349	668	1592	7.52162943156157
189	146	152	241	349	1482	7.52145461074303
190	143	247	349	668	1083	7.52144318952976
191	143	152	241	349	415	7.52124830098752
192	146	152	168	349	668	7.52112616377368
193	146	168	241	349	1482	7.52105698006618
194	280	349	392	411	1096	7.52022356540184
195	6	143	168	349	719	7.51920974190112
196	6	143	152	349	719	7.51842477993311
197	6	146	168	222	349	7.51831938754356
198	143	152	203	280	349	7.5180097989036
199	6	143	310	349	668	7.51752775907244
200	6	143	152	349	579	7.51707805795475
201	6	143	241	349	1096	7.5169483817333
202	143	146	152	349	392	7.51661416403672
203	6	146	152	203	349	7.51661025213178
204	143	241	280	349	1096	7.51555305030199
205	143	152	349	668	2246	7.51508674199198
206	143	349	668	1083	1096	7.51479482541983
207	143	146	168	349	719	7.51431700016629
208	152	241	280	349	1592	7.51431610146751
209	143	152	349	1482	1592	7.51427008869802
210	6	146	168	310	349	7.51381709939229
211	152	203	349	668	1592	7.51378831966921
212	152	203	241	349	1592	7.51336591368791
213	6	143	152	349	617	7.51327455795475
214	143	203	241	349	1073	7.51306079297771
215	143	168	241	349	1592	7.5127651053582
216	146	152	241	349	1073	7.51250334873783
217	143	152	349	668	1073	7.51240510290127
218	146	152	280	349	392	7.51236239158192
219	6	143	280	349	551	7.51169258815507
220	6	146	152	349	551	7.51136613251742
221	6	143	203	349	1592	7.51103093415565
222	6	143	152	349	1667	7.51089423783048
223	6	143	349	668	1096	7.5108600264998
224	143	146	168	310	349	7.51081307474602
225	146	152	241	349	668	7.51080273824611
226	6	143	152	349	3773	7.51039643477635
227	143	152	203	349	1096	7.51016048416054
228	6	143	203	241	349	7.50994070918583
229	6	143	152	349	2213	7.50988490984367
230	6	143	152	349	1669	7.50952690536152
231	6	139	143	152	349	7.50934455795475
232	146	152	168	203	349	7.508855655539
233	143	146	203	241	349	7.50840804279957
234	143	168	203	241	349	7.5083769382603
235	6	146	168	349	3773	7.50819404680386
236	143	241	349	668	1592	7.50811952998026
237	6	168	280	349	1096	7.50790114116533
238	6	143	152	349	899	7.50744305795475
239	6	143	349	1482	1592	7.50728112686919
240	143	146	241	349	668	7.50690877666992
241	146	152	241	349	1096	7.5064773878456
242	143	146	152	349	531	7.50637975083905
243	6	168	280	349	1592	7.50624337600873
244	146	241	280	349	1096	7.50404211595076
245	6	143	152	349	1798	7.50378362451972
246	6	143	146	349	521	7.50341504646466
247	6	146	280	349	551	7.50339640885626
248	152	168	241	349	1592	7.50334532327919
249	6	143	152	349	939	7.5033256074034
250	349	668	1083	1669	2184	7.50288410306011
251	6	143	241	310	349	7.50277035153524
252	6	143	152	196	349	7.50264658441739
253	143	146	241	349	1096	7.5025220112466
254	6	146	168	349	551	7.50234254252838
255	143	146	280	349	1482	7.50218297281395
256	146	152	168	349	521	7.50182606484156
257	146	168	280	349	392	7.50177160383524
258	349	668	1083	1592	2246	7.50168534419452
259	143	203	241	349	1592	7.50150297383882
260	6	14	143	146	349	7.50129337071491
261	143	152	241	349	719	7.50101167451206
262	6	152	349	1482	1592	7.50094681257041
263	143	146	152	349	1083	7.50071017209586
264	143	203	349	668	1592	7.50064642157231
265	146	168	349	668	1083	7.50061411343559
266	146	168	349	719	1096	7.50048268143203
267	143	146	168	349	392	7.50047778281219
268	143	152	168	310	349	7.50046441859281
269	146	241	349	668	1083	7.49996644468435
270	146	280	349	1096	1482	7.49951019497956
271	143	203	241	349	1083	7.49911090727286
272	6	143	152	349	1984	7.49904605795475
273	143	349	668	1083	3525	7.4989339668191
274	6	143	152	211	349	7.49854380180493
275	349	668	1083	1669	2246	7.49809897468571
276	6	146	152	310	349	7.49757791492529
277	6	143	152	349	1892	7.49738224107166
278	6	146	152	349	1083	7.49731175226163
279	143	152	349	392	1096	7.49719650080402
280	6	143	152	349	359	7.49718327588328
281	6	143	152	349	639	7.49710807283346
282	6	143	152	349	3342	7.49673455795475
283	143	349	668	1073	1083	7.49635507249678
284	143	203	241	310	349	7.49614425008115
285	6	143	280	349	1083	7.49591021575823
286	6	143	146	349	579	7.49519787071491
287	143	152	310	349	1592	7.49498112328297
288	6	143	241	349	1482	7.49481121815178
289	146	152	203	241	349	7.49442184028792
290	6	143	349	1096	1592	7.49421462598195
291	6	82	146	168	349	7.49416616906726
292	72	241	349	668	1083	7.49379898454862
293	53	143	349	668	1083	7.49369662189716
294	146	203	349	668	1083	7.49360593982193
295	6	143	152	349	1046	7.49332605795475
296	143	146	152	349	1073	7.49318139068116
297	72	349	668	1083	2246	7.49297202280812
298	143	146	203	349	668	7.49279781145491
299	143	168	241	349	668	7.49263005757281
300	53	349	668	1083	2184	7.49254791265236
301	146	152	349	392	1096	7.49249175491879
302	6	143	146	349	2213	7.49243916536817
303	203	349	668	1083	2246	7.49239057824891
304	349	668	815	1083	2246	7.49237595414678
305	143	152	168	349	1083	7.49224904940223
306	146	280	349	392	1482	7.49157650021947
307	6	143	146	349	3773	7.49153615898543
308	6	146	349	392	1482	7.49122840857669
309	143	146	241	310	349	7.49114858441022
310	6	143	146	211	349	7.49100587071491
311	143	241	310	349	1073	7.49065822673892
312	152	241	349	1482	1592	7.49055617861344
313	143	146	241	349	531	7.4905436717976
314	6	143	203	280	349	7.49031423766717
315	6	143	152	349	407	7.49014480795475
316	143	168	280	349	1482	7.48993025600271
317	146	168	349	521	1096	7.48992080903251
318	143	146	280	349	392	7.48959891337479
319	14	143	152	241	349	7.48956184890772
320	6	143	152	349	994	7.48937480795475
321	6	143	152	349	1153	7.48880480795475
322	146	168	349	1083	1096	7.48873014636875
323	143	146	241	349	1482	7.48841990461883
324	6	146	349	1096	1482	7.48831731635577
325	143	152	241	349	1287	7.48807516343557
326	143	152	241	349	994	7.48764159890772
327	72	203	349	668	1083	7.48737835683315
328	6	152	168	280	349	7.4872092812218
329	152	203	349	668	1083	7.48707537024526
330	146	152	280	349	1592	7.48686927973705
331	6	146	241	349	1592	7.48672140210482
332	146	349	668	1083	1995	7.48647628567431
333	143	152	203	349	1482	7.48595881768959
334	143	152	247	349	668	7.48575118638739
335	6	146	241	349	1096	7.48554136452895
336	6	143	241	349	1083	7.48537612066071
337	143	241	280	349	1592	7.4851416633962
338	6	146	152	349	3773	7.48510239305912
339	203	349	668	1083	2184	7.48507442250572
340	203	349	668	1083	1995	7.4848352599312
341	143	152	349	668	1482	7.48479809676239
342	146	152	168	349	392	7.484647040869
343	146	152	241	349	531	7.48457956982618
344	143	152	310	349	1073	7.48414149807842
345	146	168	241	349	1592	7.48410060420568
346	6	143	152	349	1299	7.48378930795475
347	247	349	668	1083	2184	7.48363803249829
348	6	143	152	290	349	7.48355280795475
349	72	152	349	668	1083	7.48346046847193
350	146	168	280	349	531	7.4833874359787
351	143	280	349	668	1083	7.48334217645547
352	146	349	668	1083	2246	7.48275822340633
353	143	152	349	1073	1592	7.48259691357657
354	6	143	152	349	754	7.48234455795475
355	6	152	168	222	349	7.48232674234189
356	143	152	203	349	415	7.48217711371033
357	143	146	152	349	719	7.48193606893971
358	146	152	168	349	1083	7.48175954076336
359	6	14	146	152	349	7.48143698730008
360	143	152	211	241	349	7.48103359275791
361	6	143	152	349	465	7.48075780795475
362	143	168	241	349	1482	7.48074690762577
363	6	146	152	349	719	7.48072634517892
364	146	152	168	349	719	7.48065549685167
365	6	53	143	152	349	7.48064220459409
366	143	152	241	349	2213	7.48062184216195
367	143	152	349	1096	1592	7.48059717562123
368	146	152	203	349	668	7.48009056719107
369	6	146	241	349	1482	7.47991217523684
370	6	146	152	349	531	7.4796037256247
371	6	143	152	189	349	7.47922005795475
372	152	349	668	1083	2184	7.47918374668841
373	6	146	152	222	349	7.47893734399583
374	6	143	152	349	415	7.47885129140512
375	143	152	349	531	1096	7.47870958814201
376	6	143	146	349	939	7.47859962071491
377	247	349	668	1083	2246	7.47855984368906
378	6	143	349	668	1669	7.47784906019787
379	6	143	152	349	3023	7.47784430795475
380	146	152	241	310	349	7.47776136696911
381	143	241	349	531	1096	7.47772806658452
382	143	152	241	349	939	7.47765039835638
383	6	146	168	349	564	7.47764312503075
384	6	143	146	349	899	7.47751187071491
385	6	143	152	349	1653	7.47746130795475
386	6	143	152	349	1532	7.47726523890753
387	6	143	222	280	349	7.47714536882472
388	143	152	241	349	1653	7.47714259890772
389	6	146	168	349	3173	7.47705435591
390	6	146	168	349	939	7.47703581650642
391	6	146	168	349	1319	7.47699481650642
392	6	143	349	1083	1592	7.47696924446694
393	152	280	349	1096	1592	7.47689820294905
394	6	82	146	280	349	7.47684971670355
395	6	143	152	349	3091	7.47667030795475
396	6	146	280	349	668	7.47658899501417
397	6	143	152	349	3235	7.47648655795475
398	143	168	203	349	668	7.47630924448836
399	143	168	349	521	668	7.47614924146653
400	6	143	203	349	1083	7.47614057870138
401	143	168	241	349	1083	7.4760147348297
402	143	152	241	349	617	7.47600959890772
403	143	241	349	1073	1083	7.47598584106828
404	143	152	241	349	392	7.47581453835497
405	6	143	152	349	2334	7.47581430795475
406	6	143	152	349	3191	7.47578205795475
407	143	168	349	521	1096	7.47575460746046
408	6	143	241	349	531	7.47571397752544
409	143	241	349	668	1073	7.47563830352228
410	6	143	266	280	349	7.47554973034993
411	143	168	241	349	521	7.47542301107685
412	143	152	241	349	579	7.47534659890772
413	6	143	168	349	551	7.47532568932496
414	146	168	241	349	1083	7.4753094463583
415	349	668	1083	1592	1669	7.47518423927488
416	6	143	146	266	349	7.47505332417367
417	6	152	222	280	349	7.47503397543804
418	146	168	241	349	719	7.47487790873805
419	143	152	241	266	349	7.47429654341085
420	152	280	349	1482	1592	7.4741140397218
421	6	146	349	1482	1592	7.47381282972132
422	6	280	349	1096	1592	7.47381109135695
423	6	11	146	152	349	7.47373008102707
424	152	241	310	349	1592	7.47350202577305
425	6	143	152	349	739	7.47331502397231
426	143	203	349	668	1669	7.47316566800599
427	146	280	349	531	1096	7.47300700923649
428	6	280	349	392	1096	7.47298640815643
429	6	143	152	349	543	7.47291355795475
430	143	203	349	668	2246	7.47275115247079
431	6	143	152	349	1319	7.47267330795475
432	6	143	152	349	3622	7.47255955795475
433	53	349	668	1083	2246	7.47245755964161
434	143	152	203	349	531	7.47234910082878
435	6	143	152	349	1028	7.47232476806785
436	143	146	152	349	2213	7.47197500960008
437	6	11	146	280	349	7.47191219387579
438	152	349	668	1083	1995	7.47187873923217
439	143	152	241	349	1984	7.47174559890772
440	143	146	241	349	1083	7.47131451963332
441	6	146	168	349	376	7.47109500486608
442	6	143	349	531	1096	7.47101923227555
443	143	168	241	310	349	7.47092519181398
444	53	143	152	349	668	7.47081986658083
445	6	46	143	152	349	7.47068880795475
446	6	143	146	349	3342	7.47053212071491
447	6	143	152	326	349	7.47049654984695
448	6	146	168	349	1120	7.47034162798842
449	6	143	146	349	1669	7.46991607040878
450	6	143	152	349	376	7.46987111834525
451	6	143	146	349	1892	7.46966849020271
452	143	168	280	349	1592	7.46966447080919
453	146	152	349	392	1482	7.46964541793451
454	143	280	349	531	1096	7.46961429522007
455	6	349	668	1083	1592	7.46951492788896
456	146	152	168	349	3773	7.46937992602574
457	6	143	349	1096	1482	7.46931901420011
458	6	143	146	349	617	7.46929187071491
459	143	146	349	392	1096	7.46909819582322
460	143	152	349	415	668	7.46892520448145
461	6	143	152	349	1287	7.46877511027686
462	143	152	241	349	3342	7.46861909890772
463	143	152	241	349	1892	7.46849743015605
464	6	143	152	349	546	7.46822976982087
465	6	143	310	349	1592	7.46819619728256
466	6	146	152	349	579	7.46809373730008
467	349	668	1083	1995	2246	7.46789198771819
468	146	168	349	1096	1995	7.46779192241338
469	143	152	349	1083	1592	7.46765079961825
470	6	143	146	349	1319	7.46759337071491
471	6	146	152	349	899	7.46748323730008
472	6	143	349	1083	1096	7.46731167882739
473	146	349	668	1083	1669	7.46709781183259
474	146	168	280	349	1592	7.46677394504555
475	6	146	168	349	579	7.46665681650642
476	6	143	152	289	349	7.46660180795475
477	72	349	668	1073	1083	7.46655663935717
478	6	143	152	349	1120	7.46620746632467
479	6	143	146	349	1028	7.46585287529094
480	6	146	280	349	1083	7.46576978732036
481	143	152	222	241	349	7.46566972582349
482	6	143	152	349	3444	7.46560680795475
483	143	152	266	280	349	7.46556125760506
484	203	241	349	668	1083	7.46549829351856
485	6	143	280	349	531	7.46543452121453
486	143	152	168	349	1073	7.46522302912368
487	146	152	349	1482	1592	7.46513967884691
488	6	143	152	349	2320	7.46513155795475
489	6	143	168	349	939	7.46503440910249
490	6	146	168	349	1028	7.46499343649624
491	6	14	146	168	349	7.46495756650642
492	6	146	152	349	1667	7.46492283364316
493	146	280	349	719	1096	7.46479279691222
494	6	143	146	349	1984	7.46476312071491
495	6	152	280	349	1096	7.46471879433519
496	143	146	152	349	3773	7.46466306199176
497	6	143	152	349	782	7.46458230795475
498	6	143	280	349	719	7.46418627562785
499	6	143	280	310	349	7.4641568834243
500	143	152	349	668	994	7.46415122103107
501	6	143	146	349	1798	7.46407268437558
502	6	139	146	152	349	7.46399073730008
503	6	146	168	349	899	7.46397656650642
504	143	152	349	531	668	7.46395078783333
505	6	143	349	392	1482	7.4637630674693
506	6	143	152	349	487	7.46336080795475
507	143	168	349	668	1096	7.46331666251266
508	146	152	349	668	1995	7.46325600794555
509	152	349	668	1083	2246	7.46321018497024
510	6	143	152	349	3799	7.4631914333947
511	152	280	349	392	1096	7.46316367998076
512	143	152	168	349	719	7.4631448162505
513	6	139	143	146	349	7.46306112071491
514	6	143	152	349	867	7.46301617305062
515	6	143	152	349	913	7.46295930795475
516	143	349	531	668	1083	7.46284756086681
517	6	146	168	349	1532	7.46282842543352
518	6	143	203	349	1096	7.46273500217291
519	6	143	152	287	349	7.46272655795475
520	146	168	349	668	1096	7.46267157913328
521	146	152	349	1096	1482	7.46262168881713
522	6	143	168	349	3773	7.46261686046249
523	143	152	280	349	1073	7.46255884207941
524	6	143	349	392	1592	7.46248583823893
525	146	349	668	1083	1096	7.46245269259756
526	6	143	152	349	916	7.46227355795475
527	143	152	168	349	392	7.46216212393373
528	6	152	168	349	1096	7.46215345666488
529	143	152	241	349	1669	7.46207109113068
530	6	146	280	349	719	7.46204603643002
531	6	146	152	349	2213	7.46194263096331
532	6	146	152	349	617	7.46192148730008
533	143	152	280	349	2213	7.46182533120965
534	143	152	280	349	551	7.46168146493223
535	6	168	241	349	1592	7.46166573437952
536	241	349	668	1083	2184	7.46153047870714
537	6	143	146	349	376	7.46152693801284
538	14	143	146	152	349	7.46145975881096
539	146	152	349	668	1592	7.46136116970782
540	6	143	152	349	891	7.46128080795475
541	143	241	310	349	1592	7.46104010085342
542	6	143	152	349	4611	7.46098980795475
543	152	168	280	349	1592	7.46095498111237
544	6	143	152	349	938	7.46089505795475
545	6	143	152	349	559	7.46089255795475
546	152	241	349	668	1083	7.46082114199553
547	143	146	152	349	1592	7.46078720404078
548	280	349	392	1096	1592	7.46063406626461
549	143	280	349	1096	1482	7.46061580997078
550	349	668	1083	2246	3525	7.46050609911931
551	6	143	280	349	1532	7.46027556313016
552	143	168	349	392	1096	7.46007638162824
553	146	152	168	310	349	7.45954192953678
554	6	143	152	349	4327	7.45952480795475
555	139	143	152	241	349	7.45928984890772
556	6	146	152	266	349	7.45928771437695
557	143	152	349	1096	1482	7.45928549936471
558	143	152	241	349	1299	7.45915859890772
559	143	146	241	349	1073	7.45902172926816
560	6	143	152	349	842	7.45881330795475
561	6	152	349	1096	1592	7.45880098215798
562	6	143	152	157	349	7.45876980795475
563	6	143	146	152	168	7.45876813282691
564	143	168	203	349	1096	7.45875902802055
565	143	152	241	349	1153	7.45875434890772
566	203	247	349	668	1083	7.45874138777848
567	6	143	168	349	1319	7.45856815910249
568	6	146	152	349	639	7.45843894914634
569	6	143	152	349	4286	7.45842530795475
570	146	168	241	349	668	7.45808762912283
571	6	143	152	349	1487	7.45807605795475
572	143	152	241	349	1319	7.45798184890772
573	6	14	143	280	349	7.45790914745711
574	143	152	349	392	1482	7.45784218953035
575	143	152	241	349	376	7.4578279081861
576	6	152	203	349	1592	7.45767571122102
577	6	143	152	349	1719	7.45759480795475
578	143	146	152	349	551	7.45754639341156
579	146	152	241	349	719	7.45743534722212
580	152	349	668	1592	1669	7.45738416318176
581	6	143	152	349	778	7.45730055795475
582	143	241	349	1073	1592	7.45719679440286
583	143	203	241	349	531	7.45715451532169
584	143	152	203	349	994	7.4570840138785
585	146	168	280	349	719	7.45689110851786
586	146	168	241	349	1995	7.45682497240293
587	143	152	310	349	1096	7.45670304582965
588	6	143	146	349	994	7.45669862071491
589	143	152	349	668	3525	7.45660883843157
590	6	143	146	349	1667	7.4565665126381
591	152	241	349	1083	1592	7.45624605778506
592	143	152	349	1073	1083	7.45616420020148
593	143	152	349	415	1073	7.45596216025717
594	143	280	349	668	1096	7.45591863469613
595	143	146	152	349	579	7.45586800881096
596	146	168	241	349	521	7.45569186757829
597	349	668	1083	2184	3525	7.45562226350339
598	6	143	152	349	879	7.45553930795475
599	143	168	349	1083	1096	7.45553808976954
600	6	143	146	349	1653	7.45552487071491
601	143	152	241	349	916	7.45550859890772
602	146	241	349	531	1096	7.45534680521206
603	143	152	241	349	407	7.45517834890772
604	6	143	146	349	1073	7.45512506197922
605	152	349	668	1083	1669	7.4550779211094
606	6	146	349	668	1096	7.45500582776507
607	247	349	668	1083	1592	7.45490082732221
608	6	143	146	349	3023	7.45480612071491
609	143	146	310	349	668	7.45479882952607
610	146	152	241	349	1083	7.45469674566264
611	146	168	349	564	1096	7.45457134602743
612	6	146	349	531	1096	7.45451586343884
613	6	143	241	349	1073	7.45447942527934
614	143	152	241	349	899	7.45423534890772
615	143	152	280	310	349	7.45418941200929
616	6	143	152	349	848	7.45350443802365
617	146	241	280	349	1482	7.45348293301897
618	6	143	152	319	349	7.45347005795475
619	143	152	280	349	531	7.45339495632979
620	143	146	241	349	719	7.4532129227686
621	152	310	349	668	1592	7.45318490821487
622	203	349	668	1083	1669	7.45316216033967
623	143	152	349	392	1592	7.45298102477466
624	6	143	349	668	1482	7.45297457119611
625	6	143	152	349	1374	7.45291680795475
626	143	168	349	1096	1482	7.45284250044727
627	143	152	241	349	3023	7.45280584890772
628	143	168	280	349	531	7.45280505914178
629	143	146	152	349	3342	7.45273675881096
630	6	143	152	349	4343	7.45270805795475
631	72	247	349	668	1083	7.45255084020053
632	6	143	152	349	485	7.45254855795475
633	6	143	146	349	1532	7.45248224091636
634	6	146	168	349	2213	7.45243548512391
635	152	280	349	392	1592	7.45242243745094
636	146	152	280	349	668	7.45241407493647
637	6	139	146	168	349	7.45234706650642
638	6	143	168	349	564	7.4522787222466
639	6	146	168	349	617	7.45226106650642
640	146	168	349	1096	3173	7.45218353321386
641	6	143	152	349	1007	7.45212480714405
642	143	152	241	349	1798	7.45189461287706
643	143	203	349	668	1073	7.45161048202659
644	143	152	241	349	551	7.45159611235063
645	6	168	349	1096	1592	7.4514515748374
646	6	146	168	349	646	7.45123753700709
647	6	143	146	290	349	7.45119762071491
648	143	146	349	531	1096	7.45116783530287
649	6	143	168	349	3173	7.45106654963201
650	143	152	241	349	3235	7.45105659890772
651	143	241	349	668	1096	7.45094760465216
652	143	152	241	349	867	7.45087142848106
653	143	152	196	241	349	7.45076544253674
654	143	241	349	668	1669	7.45064368849049
655	152	241	349	1096	1592	7.45063883956189
656	280	349	392	1096	1532	7.45063209968748
657	6	146	168	211	349	7.45060006650642
658	146	152	349	668	1096	7.45056082843857
659	6	143	152	309	349	7.45044905795475
660	14	143	152	280	349	7.45044221020921
661	143	146	152	349	994	7.45043850881096
662	6	280	349	1482	1592	7.45042051594016
663	6	143	203	310	349	7.45037546286686
664	6	146	152	349	1028	7.4499595153742
665	6	143	280	349	2213	7.44992281232169
666	6	14	143	168	349	7.44988440910249
667	6	146	168	349	1798	7.44985696651687
668	143	152	280	349	1083	7.44983937349411
669	6	143	152	349	2866	7.44982980795475
670	143	146	152	349	415	7.44961999226133
671	143	146	152	349	1892	7.44961127643016
672	6	143	152	349	1728	7.44944380795475
673	6	143	152	232	349	7.44935255795475
674	146	280	349	551	1096	7.44923387943679
675	6	168	222	280	349	7.44909038440503
676	146	168	203	241	349	7.44906575238852
677	6	143	152	349	2434	7.44905455795475
678	241	349	668	1073	1083	7.44883563112464
679	143	203	349	668	1096	7.44882520114086
680	6	146	349	668	1592	7.44878369237009
681	146	168	349	392	1482	7.44870454324028
682	6	146	168	349	782	7.44865181650642
683	143	146	152	349	899	7.44864700881096
684	280	349	392	551	1096	7.44864330407905
685	143	152	241	349	3799	7.44856691135973
686	152	280	349	668	1592	7.44855847113862
687	6	143	168	211	349	7.44849090910249
688	143	241	280	349	1482	7.4484858930808
689	143	146	168	349	3773	7.44847945693647
690	6	143	152	339	349	7.44845830795475
691	6	143	146	326	349	7.44837349426998
692	6	143	152	156	349	7.44825855795475
693	143	152	241	349	879	7.44813009890772
694	6	143	152	349	882	7.44801055795475
695	6	146	241	349	668	7.44800967452778
696	143	146	280	349	668	7.44780982097809
697	143	152	203	349	3773	7.44763713895888
698	6	143	152	349	661	7.44760330795475
699	143	168	241	349	719	7.44758300796939
700	6	143	152	349	3751	7.44757255795475
701	6	143	152	349	406	7.44755630795475
702	6	143	152	349	750	7.44751130795475
703	146	152	349	668	1669	7.44730037350823
704	6	146	152	349	1046	7.44716973730008
705	143	241	349	1083	1592	7.44701468939499
706	203	241	349	668	1592	7.446989482902
707	6	143	310	349	1096	7.44694059649346
708	143	152	241	349	2053	7.44667095175026
709	6	143	152	349	813	7.44658230795475
710	143	241	310	349	531	7.4465621720818
711	146	152	349	531	1096	7.44654410660207
712	6	143	152	349	2614	7.44653906323557
713	143	152	211	349	668	7.44651421488126
714	6	146	152	349	3342	7.44648898730008
715	143	280	349	1096	1592	7.44638339160711
716	6	146	152	349	754	7.44625198730008
717	6	143	152	349	564	7.44608504678721
718	146	152	241	349	1995	7.44602832107951
719	6	143	146	189	349	7.44602462071491
720	152	241	349	531	1592	7.44600156098278
721	143	152	241	290	349	7.44590734890772
722	14	143	152	349	668	7.44590022103107
723	143	152	241	349	465	7.44579359890772
724	6	143	168	349	1798	7.44568782017797
725	146	280	349	1096	1532	7.44567680039668
726	152	168	280	349	1096	7.44559026960474
727	143	241	349	531	668	7.44550757082588
728	6	143	152	349	676	7.44550205795475
729	143	146	349	668	1096	7.44532649359175
730	6	146	349	1083	1096	7.44529462007125
731	143	152	349	668	1984	7.44526872103107
732	6	280	349	392	1592	7.44522268896239
733	53	349	668	1083	1592	7.4452011770358
734	143	241	280	349	668	7.4451977056878
735	6	152	349	392	1592	7.44517000364089
736	143	203	247	349	668	7.4451678392365
737	6	143	146	349	407	7.44513962071491
738	146	168	280	349	1083	7.44513349623717
739	143	152	241	287	349	7.44499009890772
740	6	143	146	349	782	7.44484712071491
741	6	146	152	349	1892	7.44479682526219
742	6	143	168	349	579	7.44476990910249
743	143	146	152	349	1669	7.44471078597757
744	143	349	668	1083	1418	7.44464151212977
745	6	146	280	349	1532	7.44448146538912
746	6	146	152	349	939	7.44445578674874
747	6	146	168	289	349	7.44436731650642
748	6	146	349	1096	1592	7.44423835454468
749	143	168	241	349	1073	7.44422470560069
750	143	280	349	392	1482	7.44421507625895
751	6	143	146	349	646	7.44406412731876
752	6	241	280	349	1592	7.44399092683059
753	6	146	168	349	2107	7.44380209605774
754	143	168	280	349	392	7.44372849134362
755	6	146	168	349	793	7.44370640723014
756	6	143	152	349	2246	7.44350110270131
757	6	143	146	349	3444	7.44346237071491
758	6	143	146	349	3799	7.4434077137349
759	6	146	152	349	1073	7.44338851866516
760	143	152	203	349	1669	7.44332944056483
761	6	143	168	349	1532	7.44330949067234
762	143	152	168	222	349	7.44322307842917
763	6	143	146	349	1120	7.44310535619164
764	6	146	168	349	913	7.44306856650642
765	6	143	280	349	1798	7.44302721111778
766	6	143	152	349	977	7.44298155795475
767	143	146	168	349	1319	7.44291857921727
768	6	143	146	196	349	7.44291204563289
769	6	143	152	299	349	7.44283005795475
770	6	143	146	349	1299	7.44282137071491
771	143	168	203	349	1083	7.44278195785651
772	72	310	349	668	1083	7.44272984453042
773	143	241	349	531	1073	7.44272095739609
774	146	152	310	349	668	7.44269057033278
775	6	146	168	349	3342	7.44262606650642
776	6	143	152	349	390	7.44259355795475
777	6	143	152	349	2054	7.44253830795475
778	6	146	152	349	359	7.44241148414609
779	6	82	146	349	1096	7.44233659311594
780	143	203	241	349	1096	7.44227958043652
781	349	668	1083	1466	2246	7.44225069037816
782	241	349	668	1083	2246	7.44207466698898
783	143	349	668	1083	1319	7.44191665137021
784	6	143	152	349	4992	7.44182030795475
785	143	152	157	241	349	7.44180834890772
786	6	143	152	349	971	7.44176355795475
787	6	143	280	349	579	7.44156939745711
788	6	146	349	719	1096	7.4415657919635
789	6	143	241	349	719	7.44146303062939
790	146	280	349	1096	2213	7.44135459133536
791	143	152	189	241	349	7.44113359890772
792	143	152	241	349	3773	7.44108615800452
793	6	143	152	349	2100	7.44104530795475
794	143	152	349	1083	1096	7.44097075731447
795	143	152	349	668	1653	7.44094897103107
796	6	143	349	668	2246	7.44082454783197
797	6	146	280	349	531	7.44080778269609
798	6	143	152	349	731	7.44071805795475
799	146	349	392	1096	1482	7.44057409269504
800	6	146	152	349	1669	7.44055494136029
801	143	152	241	349	2334	7.44046284890772
802	143	146	203	349	1083	7.44029159052959
803	143	241	349	415	1073	7.44028469940939
804	143	146	152	349	617	7.44020625881096
805	310	349	668	1083	1592	7.44015692952369
806	6	143	152	349	1011	7.44010291745231
807	6	146	280	349	1995	7.44007784625014
808	6	143	168	349	376	7.44003199777152
809	6	146	168	349	3023	7.43997906650642
810	152	203	241	349	1073	7.4398952417485
811	6	143	152	349	646	7.43987493907951
812	143	349	668	994	1083	7.43981515137021
813	6	143	146	349	639	7.43980190165295
814	146	168	241	310	349	7.43978692292543
815	146	280	349	392	551	7.43978259020188
816	143	152	203	349	1653	7.43947717310061
817	143	152	168	349	3773	7.43946485238762
818	143	310	349	668	1592	7.43944402504742
819	6	146	152	349	1120	7.43940841230931
820	143	168	349	719	1096	7.43929043559276
821	6	146	349	392	551	7.43928157045591
822	146	168	349	1096	1592	7.4392053534187
823	143	152	241	349	2054	7.43919359890772
824	143	280	349	1083	1096	7.43912944237986
825	143	146	152	349	1984	7.43911000881096
826	143	280	349	719	1096	7.43891358357519
827	6	168	349	1482	1592	7.43890542167278
828	6	53	143	146	349	7.43858251735425
829	152	349	668	1592	2246	7.43843111786992
830	6	143	152	349	1032	7.43827105795475
831	72	349	668	1083	3525	7.4381390458949
832	143	152	349	668	1892	7.4380705522794
833	6	143	349	551	1096	7.43806088232688
834	6	146	349	551	1096	7.4378880727098
835	146	152	280	349	551	7.43772317293019
836	6	14	146	280	349	7.43766927235881
837	143	152	241	349	1007	7.43762009873084
838	6	143	146	349	359	7.43758824061634
839	6	146	280	349	2213	7.43753872899769
840	46	143	152	241	349	7.43743509890772
841	143	152	349	668	3773	7.43737503012787
842	6	146	168	349	1653	7.43736031650642
843	143	152	241	349	3091	7.43729184890772
844	6	152	168	349	1482	7.43723854258194
845	143	152	241	349	3360	7.43723059890772
846	146	152	241	349	392	7.43721244739913
847	6	146	222	280	349	7.43711936798715
848	6	143	152	349	725	7.43711330795475
849	6	143	146	349	1153	7.43709337071491
850	6	146	152	349	1798	7.43708154280002
851	143	152	349	579	668	7.43701772103107
852	146	280	349	1083	1096	7.43700846647684
853	143	152	349	392	668	7.43697616047832
854	146	168	280	349	1995	7.4368835222818
855	6	152	168	241	349	7.43677982313034
856	143	152	280	349	719	7.43676693571448
857	6	146	266	280	349	7.4367396282426
858	143	241	280	349	531	7.4366869196283
859	143	211	349	668	1083	7.43667790137021
860	6	143	152	349	793	7.43667207416789
861	6	143	146	349	3235	7.43663862071491
862	6	146	152	349	1984	7.43652548730008
863	6	143	152	349	3521	7.43651005795475
864	6	143	152	349	2657	7.43627305795475
865	6	146	349	668	1995	7.43614398527294
866	6	143	146	349	2334	7.43592662071491
867	168	280	349	1096	1592	7.43581913030629
868	6	146	168	196	349	7.43580234448029
869	143	152	241	349	782	7.43574234890772
870	6	143	349	719	1096	7.43558266147959
871	143	152	203	349	1984	7.4355820138785
872	6	143	146	289	349	7.43543362071491
873	143	152	241	349	848	7.43541199724003
874	6	46	143	146	349	7.43537537071491
875	143	152	241	349	3622	7.43536559890772
876	146	247	349	668	1083	7.43520511328697
877	6	143	152	349	3360	7.43519105795475
878	6	146	152	349	465	7.43516648730008
879	143	146	168	349	1592	7.43514627587141
880	6	143	241	349	392	7.43510376543863
881	6	143	152	349	1064	7.43506355795475
882	143	203	349	1073	1083	7.43504605568387
883	6	53	143	349	668	7.43498632430989
884	6	143	168	196	349	7.43486908402047
885	6	143	168	349	1653	7.43480990910249
886	146	168	349	1482	1592	7.43469425720784
887	6	143	146	349	564	7.43462713754665
888	143	152	280	349	579	7.43460621020921
889	6	146	152	349	1153	7.43457698730008
890	6	143	146	349	1046	7.43451437071491
891	14	143	152	203	349	7.4344182638785
892	143	203	241	280	349	7.43440238003559
893	6	143	146	349	754	7.43428087071491
894	143	152	241	349	3191	7.43427759890772
895	247	349	668	1083	1669	7.43425379653817
896	143	152	349	668	719	7.43421329034397
897	14	152	241	349	1592	7.43416809085186
898	143	152	203	211	349	7.43410525772869
899	72	152	241	349	668	7.43410381075347
900	6	143	152	349	4184	7.43410135598397
901	143	168	349	1096	1592	7.43397250950062
902	152	168	349	1482	1592	7.43395335971716
903	6	143	146	349	3622	7.43393962071491
904	6	143	152	349	875	7.43390580795475
905	146	152	280	349	2213	7.43377913518241
906	6	143	152	349	3514	7.43369555795475
907	6	143	280	349	1667	7.43364993782435
908	146	168	314	349	1096	7.43355295429847
909	143	152	241	349	487	7.43349984890772
910	143	280	349	1096	1532	7.43345144560287
911	143	146	152	211	349	7.43342975266114
912	146	168	203	349	1096	7.43334518721938
913	6	146	152	349	407	7.43320448730008
914	143	152	349	531	1592	7.43319305739563
915	14	143	152	349	1592	7.43313327934549
916	6	143	168	349	899	7.43306515910249
917	6	143	152	349	1418	7.43304392824572
918	6	143	280	349	939	7.43304339745711
919	112	152	241	349	1073	7.43302366503673
920	6	146	168	349	4611	7.43302056650642
921	6	146	152	349	1356	7.43299498730008
922	6	143	168	349	617	7.43274290910249
923	6	143	152	349	1648	7.43273368522191
924	143	349	668	1083	1653	7.43272190137021
925	6	146	152	196	349	7.43270861681862
926	143	146	152	266	349	7.43269817677274
927	203	349	668	1073	1083	7.43255826998154
928	143	349	668	1083	2614	7.4325578789572
929	247	349	668	1083	3525	7.4324950229551
930	6	143	152	349	3916	7.43248905795475
931	143	152	349	668	1319	7.43243497103107
932	6	143	152	349	2040	7.43241205795475
933	6	146	168	349	3191	7.43239406650642
934	6	143	152	349	3396	7.43226930795475
935	6	143	152	349	2903	7.43224080795475
936	6	146	168	349	754	7.43221856650642
937	6	143	168	349	646	7.43221662247031
938	6	143	168	349	782	7.43218340910249
939	6	146	168	349	1984	7.43201406650642
940	146	168	349	521	668	7.43197091643759
941	6	143	152	349	1380	7.43195030795475
942	6	143	152	349	3074	7.43192405795475
943	146	168	349	668	1995	7.43186905706349
944	6	146	152	189	349	7.43186623730008
945	241	349	668	1083	2463	7.43178006552888
946	143	146	152	349	939	7.43174280825961
947	143	168	349	668	1592	7.43170995230522
948	6	143	152	349	521	7.43170528572035
949	143	241	349	1482	1592	7.4316723301285
950	146	310	349	668	1083	7.43165995387285
951	143	152	349	668	939	7.43165777047973
952	168	280	349	392	1096	7.43158915428284
953	143	152	241	299	349	7.43157459890772
954	6	143	152	349	4603	7.43150005795475
955	6	146	168	349	407	7.43146831650642
956	143	349	415	668	1083	7.43145106447658
957	6	143	146	349	3191	7.43132937071491
958	143	152	241	349	543	7.43131509890772
959	6	143	168	349	2107	7.43123030287374
960	72	152	241	349	1073	7.43112081089324
961	241	349	668	1083	1995	7.43107717326866
962	6	143	349	392	551	7.43098734112125
963	143	152	349	668	2054	7.43083597103107
964	143	146	152	349	1299	7.43076550881096
965	143	152	349	668	3342	7.43075722103107
966	6	143	152	349	351	7.43073430795475
967	6	143	152	349	2423	7.43071280795475
968	146	280	349	564	1096	7.43071112347985
969	53	146	349	668	1083	7.43070403639903
970	6	146	168	349	1669	7.43061081082009
971	143	152	241	349	3444	7.43056209890772
972	6	143	152	349	656	7.43055380795475
973	203	349	668	1083	3525	7.4303666451757
974	6	82	146	349	392	7.43035191323496
975	6	146	152	289	349	7.43029098730008
976	143	152	349	1073	1096	7.43028947589977
977	6	146	349	551	1482	7.43028350505737
978	247	349	668	1083	1995	7.43023927913452
979	143	241	349	668	2246	7.43018570156344
980	143	152	241	349	359	7.43012984704614
981	6	146	152	349	376	7.43006289738121
982	152	241	349	415	1592	7.42989718136871
983	6	146	168	349	1892	7.42987940446852
984	6	143	222	241	349	7.42986543373993
985	6	146	168	349	465	7.42982356650642
986	146	152	349	668	1482	7.42978975961382
987	6	146	152	211	349	7.42978173115027
988	143	152	203	349	1892	7.4297703829013
989	6	146	152	290	349	7.42976848730008
990	143	241	310	349	1083	7.42973152788004
991	280	349	392	1096	1482	7.42971222159005
992	143	241	349	531	1083	7.42970462850962
993	6	143	146	349	4611	7.42965762071491
994	146	152	241	349	415	7.42959493712005
995	146	168	349	1083	1995	7.42954934478205
996	143	280	349	551	1096	7.42951060620074
997	6	143	168	349	2213	7.42950653594568
998	6	143	152	349	1895	7.42950155795475
999	6	143	146	349	3173	7.42948293010135
1000	6	146	241	349	1083	7.42946171683396
1001	6	146	168	349	739	7.4294539426905
1002	143	152	280	349	617	7.42940971020921
1003	143	152	349	668	3023	7.42939947103107
1004	349	668	815	1083	1669	7.42939107067472
1005	6	146	152	326	349	7.42937911966372
1006	6	146	168	349	738	7.42926181650642
1007	143	168	203	349	1592	7.4292037858873
1008	143	152	266	349	668	7.4291221655342
1009	6	143	152	349	2159	7.42909855795475
1010	6	143	152	349	3665	7.42901480795475
1011	143	168	349	521	531	7.42899831926434
1012	6	146	152	349	3191	7.42897648730008
1013	6	152	280	349	1482	7.42895945800007
1014	143	168	280	349	668	7.42895138206281
1015	143	241	310	349	1096	7.42885703864477
1016	146	152	241	349	1287	7.42881132390818
1017	6	53	146	152	349	7.4288005145464
1018	6	146	168	349	1064	7.42871456650642
1019	6	143	168	349	1669	7.42871154676272
1020	143	152	349	668	1299	7.42869622103107
1021	152	203	349	1073	1592	7.42865802251111
1022	349	668	1073	1083	1592	7.42849553022889
1023	143	152	349	668	2213	7.42839316724122
1024	6	143	152	349	3271	7.42838730795475
1025	6	143	152	349	3173	7.42836451763365
1026	6	146	152	349	3023	7.42833098730008
1027	53	349	668	1083	1669	7.42833019082252
1028	143	152	241	349	1667	7.42830793110201
1029	139	143	146	152	349	7.42827550881096
1030	143	146	349	1096	1482	7.42824660942231
1031	143	349	668	719	1083	7.42823922068311
1032	143	152	280	349	3342	7.42823671020921
1033	6	146	280	349	579	7.42814327235881
1034	6	146	152	349	1299	7.42812223730008
1035	6	143	280	349	376	7.42805367102578
1036	146	168	349	1096	1204	7.4280454922382
1037	6	143	146	349	879	7.42789737071491
1038	143	152	349	719	1096	7.42789324231743
1039	14	146	152	241	349	7.42788588571731
1040	143	152	349	617	668	7.42785447103107
1041	152	247	349	668	1083	7.42780875212951
1042	6	143	146	349	1418	7.42771331250596
1043	143	241	280	349	1073	7.42752722300637
1044	143	152	241	349	913	7.42743334890772
1045	152	349	668	1073	1592	7.42736874424894
1046	143	152	203	349	2213	7.42726577855224
1047	6	143	152	349	1267	7.42724635371732
1048	143	152	349	668	1418	7.4270546958183
1049	6	152	222	241	349	7.42704374797106
1050	146	152	168	349	1073	7.42694297331925
1051	143	146	203	280	349	7.42687727049158
1052	6	11	146	168	349	7.42683552819927
1053	6	139	143	168	349	7.42682965910249
1054	146	152	241	349	2213	7.42680167074584
1055	143	152	203	349	3342	7.4267790138785
1056	146	152	203	349	1592	7.42672722464421
1057	143	146	152	349	1653	7.42671775881096
1058	143	152	203	349	939	7.42665581332716
1059	152	203	241	349	668	7.42662435435517
1060	143	146	203	349	1096	7.42652124454181
1061	6	146	152	349	4611	7.42652123730008
1062	143	152	203	349	1319	7.4265010138785
1063	143	152	241	349	1487	7.42645709890772
1064	143	241	349	1083	1096	7.42642966233589
1065	241	310	349	668	1592	7.42642096798679
1066	6	143	168	349	1120	7.42626945394518
1067	143	152	349	668	3799	7.42622003348307
1068	6	143	280	349	617	7.42612864745711
1069	6	143	168	349	793	7.42612527318913
1070	143	241	349	531	1592	7.42611652059346
1071	6	146	280	349	1028	7.42609191420905
1072	241	280	349	1096	1592	7.42604761043739
1073	143	152	222	280	349	7.42598167711225
1074	152	241	349	415	1073	7.42597504972767
1075	6	143	152	349	738	7.42593180795475
1076	6	146	152	349	1532	7.42591294561012
1077	152	168	349	1096	1592	7.42589310069223
1078	143	152	349	668	899	7.42585647103107
1079	6	146	280	349	1120	7.42580194922123
1080	86	143	152	241	349	7.42575784890772
1081	143	280	349	1096	2213	7.4257192221245
1082	6	143	146	287	349	7.42569762071491
1083	6	143	146	349	465	7.42568012071491
1084	6	146	152	349	739	7.42552120331765
1085	349	668	1083	1592	3525	7.42551563828822
1086	143	146	152	349	1319	7.42542775881096
1087	6	146	241	349	531	7.42531326361812
1088	143	146	152	189	349	7.42523600881096
1089	143	146	168	349	646	7.42523125598241
1090	143	146	168	349	939	7.42504757921727
1091	143	152	241	349	2320	7.42490359890772
1092	143	203	280	349	1096	7.42481879386433
1093	143	349	668	1083	1482	7.42446483703309
1094	143	152	203	349	579	7.4244190138785
1095	6	146	152	349	3622	7.42441423730008
1096	6	43	143	152	349	7.42440355795475
1097	6	143	211	280	349	7.42435464745711
1098	6	143	146	319	349	7.42427837071491
1099	143	152	241	349	661	7.42425134890772
1100	146	168	349	521	531	7.42417082413342
1101	143	349	668	879	1083	7.42409190137021
1102	143	280	349	1096	1204	7.42409181836181
1103	146	168	349	531	1482	7.42397410309964
1104	143	146	168	349	3173	7.4238606544627
1105	143	349	668	1083	3023	7.42383840137021
1106	143	152	241	349	3531	7.4238174051477
1107	6	146	280	349	376	7.42380364561811
1108	143	349	668	1083	3799	7.42373321382221
1109	6	143	168	349	1984	7.42366340910249
1110	349	668	1083	1669	1995	7.42360743572051
1111	152	168	349	668	1592	7.42356912847402
1112	143	152	241	349	1046	7.42355834890772
1113	143	241	349	1073	2053	7.42348573439719
1114	146	280	314	349	1096	7.42347856703611
1115	203	310	349	668	1083	7.42345981992924
1116	6	146	168	349	1153	7.42345181650642
1117	6	143	168	349	1073	7.42344561150295
1118	143	146	152	349	3622	7.42339200881096
1119	6	143	152	349	1607	7.42333305795475
1120	143	152	241	349	3521	7.42326509890772
1121	6	146	280	349	1667	7.42323672919339
1122	143	146	168	349	2213	7.42319260496066
1123	146	152	168	349	899	7.42317068081802
1124	146	349	668	1083	1592	7.42316894738228
1125	6	143	349	551	1592	7.42308374887497
1126	241	247	349	668	1083	7.42306080686962
1127	143	152	280	349	1798	7.42292472417855
1128	241	349	668	1083	1669	7.42288972047158
1129	146	152	168	349	1319	7.42288818081802
1130	146	280	349	668	1083	7.42287667395146
1131	143	241	280	349	392	7.4228636470263
1132	146	152	168	222	349	7.42284799739059
1133	143	152	241	349	1728	7.42282159890772
1134	6	143	168	349	913	7.42276540910249
1135	143	203	349	1083	1592	7.42262961709831
1136	6	146	168	319	349	7.42262956650642
1137	143	152	280	349	1892	7.42256883574934
1138	6	146	168	349	4184	7.42255646268594
1139	349	668	1073	1083	2184	7.42252970667866
1140	143	349	668	1669	2246	7.42233424696721
1141	6	146	168	349	2614	7.42233112969258
1142	143	168	203	280	349	7.42226644613413
1143	6	143	168	349	3342	7.42200040910249
1144	143	152	168	349	939	7.42189868556598
1145	152	349	668	1073	1083	7.42183690805636
1146	143	152	349	579	1592	7.42182977934548
1147	6	146	152	349	543	7.42175148730008
1148	143	146	152	349	2334	7.42174825881096
1149	143	152	310	349	531	7.42172186104975
1150	146	280	349	1096	1204	7.42164654903206
1151	6	143	349	392	668	7.42164641020513
1152	280	349	392	1096	2213	7.42164411312054
1153	53	72	349	668	1083	7.42163362500233
1154	143	349	668	939	1083	7.42148165137021
1155	143	152	203	349	719	7.4214658331914
1156	6	143	152	349	4753	7.42138530795475
1157	146	241	280	349	1592	7.42116412974145
1158	53	152	349	668	1083	7.42113299796294
1159	6	119	143	152	349	7.42111887799575
1160	6	46	146	152	349	7.42111198730008
1161	6	143	152	349	1695	7.42109855795475
1162	143	146	152	349	3023	7.42107125881096
1163	152	241	349	1073	2463	7.42106469040741
1164	152	241	349	579	1592	7.42105484085186
1165	6	143	146	349	913	7.42104987071491
1166	6	152	349	1083	1592	7.42098245007329
1167	6	146	349	392	1592	7.42097660575339
1168	143	152	189	349	668	7.42091647103107
1169	6	143	146	349	3091	7.42090987071491
1170	139	143	152	349	668	7.42089597103107
1171	143	241	349	1096	1592	7.42083432060214
1172	143	152	203	349	617	7.4207907638785
1173	6	143	152	349	3531	7.42068061419472
1174	6	143	146	349	739	7.42066012071491
1175	143	152	310	349	415	7.42053471621086
1176	146	152	241	349	579	7.42048438571731
1177	143	152	241	289	349	7.42043684890772
1178	143	152	349	1096	2213	7.42042247408347
1179	6	152	349	551	1592	7.42037483246268
1180	152	241	349	668	1073	7.42035291638092
1181	143	349	668	1083	2054	7.42033415137021
1182	143	152	241	349	2100	7.42031659890772
1183	6	146	152	349	1319	7.42022873730008
1184	143	152	280	349	994	7.42020746020921
1185	146	168	280	349	668	7.4201829290017
1186	143	152	168	349	1319	7.42012363611733
1187	6	143	146	349	793	7.4200973411088
1188	143	152	241	309	349	7.42007084890772
1189	143	168	280	349	1083	7.42006480931969
1190	146	152	168	349	2213	7.42003030557138
1191	6	143	146	349	1287	7.42000496766669
1192	6	143	152	349	2332	7.41996180795475
1193	146	280	349	668	1096	7.41996051881452
1194	143	146	280	349	1083	7.41994431394149
1195	152	349	668	815	1083	7.41993719031249
1196	146	241	280	349	392	7.41981975162682
1197	6	143	280	349	639	7.41977276287365
1198	280	349	392	1096	1267	7.41974332659449
1199	11	280	349	392	1096	7.41968134150533
1200	143	152	280	349	1532	7.41962902857917
1201	143	152	203	349	2054	7.4195720138785
1202	143	241	280	349	1083	7.41957176337153
1203	6	143	152	349	1995	7.41954006176212
1204	6	146	168	349	1648	7.41953940196773
1205	143	152	349	1592	2213	7.41951412199633
1206	6	143	152	349	1857	7.41950880795475
1207	6	82	143	152	349	7.41949895539666
1208	349	668	1083	1096	1592	7.41937046116074
1209	6	139	143	280	349	7.41928589745711
1210	6	143	211	241	349	7.4192750523596
1211	143	152	349	668	1153	7.41927147103107
1212	6	143	152	349	711	7.41926905795475
1213	143	152	203	349	392	7.41920045332575
1214	6	143	146	349	1487	7.41918912071491
1215	6	146	152	349	2334	7.41913598730008
1216	6	143	152	349	688	7.41911505795475
1217	152	241	349	617	1592	7.41908734085186
1218	146	152	280	349	719	7.41896458381342
1219	6	152	280	349	392	7.41894706859315
1220	143	168	349	521	1592	7.41885933919715
1221	146	168	349	1083	1482	7.41879934396696
1222	146	152	241	349	617	7.41877863571731
1223	6	146	152	349	546	7.41875261567064
1224	143	152	349	994	1592	7.41873127934548
1225	6	143	168	349	3023	7.41862115910249
1226	203	349	668	1083	2734	7.4186095216476
1227	143	146	349	1083	1096	7.41856898655515
1228	143	152	280	349	939	7.41855325965786
1229	143	152	310	349	1083	7.41845079026909
1230	6	146	152	349	3444	7.41842748730008
1231	143	146	280	349	531	7.41835991469735
1232	6	143	146	156	349	7.41833937071491
1233	146	152	168	349	939	7.41823798026668
1234	146	152	349	719	1096	7.4182142600981
1235	143	168	310	349	668	7.41811797450254
1236	143	280	349	668	1592	7.4181050748195
1237	152	241	310	349	1073	7.41809166058027
1238	143	349	668	1083	1984	7.41805215137021
1239	143	152	241	349	1374	7.41797734890772
1240	6	146	152	349	2806	7.41796348730008
1241	6	143	203	349	1482	7.41792692351242
1242	143	203	241	349	415	7.41792385306757
1243	6	143	152	349	1400	7.41791655795475
1244	241	349	1073	1083	1592	7.41781980125262
1245	143	152	203	349	3799	7.41780932633051
1246	6	86	143	152	349	7.41769555795475
1247	143	152	349	407	668	7.41768772103107
1248	6	143	146	349	543	7.41767612071491
1249	6	143	168	349	407	7.41753740910249
1250	6	143	152	349	2789	7.41752005795475
1251	146	152	349	668	2246	7.41750663485048
1252	6	146	168	349	3799	7.41748160729462
1253	6	168	280	349	1482	7.41744982125317
1254	143	152	299	349	668	7.41741747103107
1255	143	152	241	349	813	7.41737084890772
1256	6	143	146	349	916	7.41730437071491
1257	6	146	168	349	1487	7.41728856650642
1258	143	152	241	349	485	7.41728259890772
1259	6	46	146	168	349	7.41725531650642
1260	143	241	247	349	668	7.41723771868023
1261	143	152	349	668	879	7.41720772103107
1262	6	152	168	349	1995	7.41719194755597
1263	349	668	1083	1995	3525	7.41718387992886
1264	143	146	349	392	1482	7.41717252931375
1265	6	143	280	349	1120	7.41704280768023
1266	280	349	668	1083	1592	7.41702370792237
1267	143	146	203	310	349	7.41696630859744
1268	6	143	152	335	349	7.41688730795475
1269	139	143	152	280	349	7.41686696020921
1270	6	146	280	349	639	7.41666183474289
1271	6	146	168	349	351	7.41666181650642
1272	143	152	241	349	891	7.41658534890772
1273	6	143	168	349	1028	7.41648746113129
1274	143	168	203	349	531	7.41645065947066
1275	6	146	241	310	349	7.41642296729133
1276	143	152	280	349	899	7.41640396020921
1277	241	349	668	815	1083	7.41638817233122
1278	143	146	152	349	407	7.41637975881096
1279	143	203	280	349	668	7.41635325073992
1280	6	146	152	349	842	7.41633723730008
1281	143	152	349	1592	3342	7.41633702934548
1282	143	146	152	349	3444	7.41631950881096
1283	146	349	392	551	1096	7.41630804978539
1284	146	280	349	1096	1592	7.41630320302296
1285	143	152	241	349	739	7.41622431492529
1286	6	143	152	349	1863	7.41614011908347
1287	6	143	152	349	854	7.41606730795475
1288	6	143	146	349	3360	7.41605737071491
1289	143	152	241	349	2657	7.41602634890772
1290	241	310	349	668	1083	7.41601327219593
1291	146	168	349	521	1482	7.41594425399935
1292	146	168	349	531	1083	7.41582811240446
1293	6	143	152	349	662	7.41582680795475
1294	6	146	152	349	4327	7.41577598730008
1295	152	241	349	939	1592	7.41573185687025
1296	146	168	241	349	1073	7.41572886996375
1297	143	152	241	349	1380	7.41571884890772
1298	146	241	349	392	1096	7.41567563010769
1299	143	146	168	349	1653	7.41566232921727
1300	152	241	349	1287	1592	7.41565167145556
1301	6	146	168	349	879	7.41557906650642
1302	6	143	152	349	4329	7.41553930795475
1303	6	143	152	251	349	7.41547130795475
1304	146	168	310	349	1096	7.41544230972743
1305	6	152	310	349	1592	7.41543995941848
1306	6	146	152	349	1287	7.41538916328521
1307	146	152	168	349	579	7.41538593081802
1308	143	152	349	415	1592	7.41531355190997
1309	152	203	349	1083	1592	7.41525977964834
1310	143	146	152	349	1028	7.41524832284562
1311	6	143	152	349	1397	7.41523980795475
1312	143	146	241	349	392	7.41515926157418
1313	143	146	168	349	579	7.41515582921727
1314	143	146	152	349	3799	7.41514778884299
1315	6	143	152	349	3296	7.41514080795475
1316	119	143	152	241	349	7.41504819172095
1317	143	146	168	211	349	7.41497282921727
1318	6	146	152	349	994	7.41496773730008
1319	146	152	349	1096	1592	7.41495879148072
1320	6	143	349	1083	1482	7.4149584735237
1321	143	152	290	349	668	7.41493897103107
1322	143	152	241	349	725	7.41491534890772
1323	143	168	203	349	521	7.41483067956163
1324	6	146	168	349	812	7.41482706650642
1325	6	146	152	349	3235	7.41477198730008
1326	143	152	241	349	2493	7.41476234890772
1327	6	143	146	349	406	7.41473462071491
1328	146	168	349	1096	1319	7.41470953642342
1329	143	310	349	668	1096	7.41466313580961
1330	6	143	241	349	551	7.41463925177744
1331	146	280	349	392	2213	7.41456922120365
1332	6	143	152	349	353	7.41455780795475
1333	143	152	203	266	349	7.41455695838163
1334	14	146	152	280	349	7.41454022240767
1335	143	280	349	1482	1592	7.41451989885468
1336	6	82	146	349	668	7.41443545336263
1337	143	146	152	349	1153	7.41442250881096
1338	6	143	349	531	668	7.41440339156518
1339	72	143	349	668	1083	7.41415040364023
1340	6	146	168	349	3444	7.41414031650642
1341	143	152	203	349	879	7.4141300138785
1342	146	241	349	719	1096	7.41412989157843
1343	14	143	152	349	1482	7.41409030091543
1344	6	143	146	349	2320	7.41405937071491
1345	6	143	146	349	1728	7.41404937071491
1346	143	146	280	349	719	7.41403186697772
1347	143	241	349	719	1096	7.41402465363027
1348	6	30	143	152	349	7.41398730795475
1349	143	152	195	241	349	7.41397122783415
1350	143	203	349	668	3525	7.41395390481365
1351	6	143	349	551	1482	7.41394834038505
1352	143	152	203	349	2246	7.41391363473532
1353	146	152	203	349	1096	7.41387541530078
1354	143	152	241	349	688	7.41377359890772
1355	14	143	152	168	349	7.41377188611733
1356	6	143	152	349	372	7.41375155795475
1357	6	143	247	349	668	7.41374934959226
1358	203	241	349	1073	1592	7.41368361703924
1359	6	146	168	349	1667	7.41368266284949
1360	6	143	168	349	1995	7.41367911353763
1361	6	143	280	349	3342	7.41366539745711
1362	6	143	196	280	349	7.41365407237509
1363	152	349	668	1482	1592	7.41364500656238
1364	6	146	349	668	1482	7.41362834675078
1365	146	152	203	280	349	7.41360136036211
1366	6	143	152	338	349	7.41357880795475
1367	6	146	168	349	390	7.41357856650642
1368	6	146	241	349	719	7.41354881604269
1369	143	152	241	335	349	7.41351234890772
1370	6	146	168	326	349	7.41347664744097
1371	280	349	392	1028	1096	7.41344760586975
1372	6	143	146	349	415	7.41342428382128
1373	6	152	222	349	1482	7.41339836693336
1374	6	143	152	179	349	7.41328880795475
1375	6	146	168	349	3751	7.41328581650642
1376	14	146	152	168	349	7.41318293081802
1377	146	152	280	349	531	7.41310610510812
1378	143	152	287	349	668	7.41306597103107
1379	6	146	168	349	1863	7.4130021255421
1380	6	146	152	349	1719	7.41298423730008
1381	6	82	143	146	349	7.41296821085919
1382	143	168	349	1482	1592	7.41295343900036
1383	6	143	152	349	2493	7.41293080795475
1384	146	152	241	349	939	7.41290268516597
1385	6	143	280	349	899	7.41290214745711
1386	6	143	280	349	1028	7.41289897134634
1387	6	143	152	349	4282	7.41289255795475
1388	146	152	168	349	3342	7.41288968081802
1389	143	211	241	349	668	7.41287693060253
1390	143	152	168	349	2213	7.41276346909638
1391	143	168	310	349	1096	7.41268323354537
1392	143	152	157	349	668	7.41267022103107
1393	143	146	349	719	1096	7.41265146237395
1394	143	280	349	564	1096	7.41264030066307
1395	6	143	146	349	1719	7.41261587071491
1396	143	152	241	349	2246	7.41261181390932
1397	143	203	310	349	1083	7.41251565137204
1398	146	152	241	349	3342	7.41249563571731
1399	143	152	203	349	1299	7.4124162638785
1400	6	143	146	349	487	7.41240862071491
1401	6	146	152	349	913	7.41239123730008
1402	143	152	280	349	1984	7.41236946020921
1403	6	143	168	349	879	7.41236665910249
1404	143	152	349	1073	2213	7.41231180213526
1405	143	152	349	668	3444	7.41228397103107
1406	146	168	349	521	1995	7.41224905333972
1407	6	146	241	349	392	7.41216378718603
1408	146	152	241	349	376	7.41214179468632
1409	143	152	156	241	349	7.41212484890772
1410	6	152	349	668	1083	7.41208965075159
1411	143	152	280	349	1653	7.41208396020921
1412	146	168	349	1482	1995	7.41191173973223
1413	143	152	241	319	349	7.41190509890772
1414	152	203	349	668	1995	7.4119047494773
1415	143	152	241	349	2040	7.41189109890772
1416	6	146	280	349	1798	7.41188332495444
1417	143	146	168	349	376	7.4118780864328
1418	6	146	152	349	3751	7.41184523730008
1419	143	152	349	487	668	7.41184172103107
1420	141	247	349	668	1083	7.41182794220811
1421	152	222	241	280	349	7.41179898533202
1422	143	152	349	899	1592	7.41162302934548
1423	143	146	152	349	1798	7.4116035227803
1424	6	143	168	349	1892	7.41159359221941
1425	143	280	349	392	551	7.41159227801409
1426	146	168	280	349	521	7.41152274399515
1427	6	146	168	349	639	7.41150227835267
1428	6	143	146	349	2246	7.41141841546147
1429	6	143	152	349	2153	7.41140480795475
1430	143	152	241	349	2016	7.41134734890772
1431	143	146	168	349	1073	7.41134528161772
1432	6	146	168	349	2334	7.41133981650642
1433	143	152	241	349	4327	7.41132359890772
1434	146	152	168	349	617	7.41123443081802
1435	143	152	349	1073	1482	7.41110618278563
1436	6	146	152	349	3091	7.41110373730008
1437	6	143	152	349	852	7.41109980795475
1438	146	152	266	280	349	7.4110890427945
1439	143	146	168	349	2107	7.41103672298851
1440	139	152	241	349	1592	7.41101534085186
1441	143	241	349	1073	1096	7.41098437197073
1442	6	143	146	349	2614	7.41092637599573
1443	6	146	152	349	938	7.41088148730008
1444	143	152	203	349	3023	7.4108507638785
1445	143	152	203	349	407	7.4108325138785
1446	6	143	152	349	812	7.41081705795475
1447	152	241	349	1592	3342	7.41070459085186
1448	6	146	168	290	349	7.41063806650642
1449	143	241	280	310	349	7.41061688968041
1450	143	241	349	392	1096	7.41059615582544
1451	6	146	152	349	4286	7.41051598730008
1452	6	146	152	349	977	7.41049423730008
1453	143	152	203	349	899	7.4104540138785
1454	143	146	152	349	3235	7.41044100881096
1455	6	41	143	152	349	7.41042630795475
1456	6	146	280	349	617	7.41033377235881
1457	6	143	152	349	912	7.41030455795475
1458	143	310	349	668	1669	7.41029946964794
1459	6	143	280	349	1892	7.41025937486584
1460	6	143	152	349	2016	7.41025855795475
1461	152	241	349	994	1592	7.41025809085186
1462	6	146	152	349	782	7.41017948730008
1463	152	241	280	349	1096	7.41017275442434
1464	143	146	349	668	1669	7.41016438152518
1465	6	143	211	349	668	7.41013669712609
1466	143	146	152	349	376	7.41012123774796
1467	143	152	203	349	916	7.4100887638785
1468	6	143	168	266	349	7.41006538910259
1469	6	14	143	241	349	7.4100608023596
1470	146	152	241	349	1892	7.41003412181082
1471	143	152	349	668	2334	7.40992322103107
1472	146	152	241	349	3773	7.40991422375154
1473	143	152	349	668	3235	7.40987447103107
1474	6	152	222	349	1592	7.40986077334576
1475	6	14	152	349	1592	7.40984057812388
1476	143	152	349	551	1592	7.40982502306755
1477	6	143	168	289	349	7.40980690910249
1478	6	146	280	349	939	7.40973177235881
1479	143	152	168	349	1653	7.40972388611733
1480	349	668	1083	2246	2734	7.409651588641
1481	143	152	241	349	754	7.40963334890772
1482	6	143	152	341	349	7.40960780795475
1483	143	146	168	349	3342	7.40959857921727
1484	143	146	152	290	349	7.40958750881096
1485	146	168	349	646	1096	7.40956489207433
1486	143	152	241	349	4992	7.40955909890772
1487	6	146	152	349	1362	7.40955748730008
1488	6	143	146	349	2054	7.40949412071491
1489	6	139	146	280	349	7.40949027235881
1490	152	349	668	1096	1592	7.409475959233
1491	6	146	349	1083	1482	7.40944938905696
1492	6	146	152	349	487	7.40940523730008
1493	146	168	349	1096	1532	7.40937714618538
1494	143	349	668	1083	3773	7.40935537783191
1495	143	152	349	531	1073	7.40933974310819
1496	143	146	168	349	551	7.40924754462249
1497	143	152	349	1083	1482	7.40922396420033
1498	143	152	168	349	579	7.40916113611733
1499	241	349	668	1073	1592	7.40914570727671
1500	6	146	152	349	1653	7.40914048730008
1501	6	143	280	349	564	7.40908491794555
1502	6	146	168	349	778	7.40904656650642
1503	6	143	168	349	994	7.40904540910249
1504	143	152	280	349	376	7.40901464541696
1505	143	146	152	287	349	7.40899000881096
1506	6	143	168	349	3799	7.40896103454245
1507	152	241	349	1592	2213	7.40894946774212
1508	6	146	152	349	778	7.40887973730008
1509	119	143	349	668	1083	7.40881124418344
1510	6	152	280	349	1041	7.40864875716461
1511	143	152	241	349	4343	7.40860609890772
1512	6	146	152	349	3074	7.40858198730008
1513	146	280	349	1028	1096	7.40857358127489
1514	6	146	152	349	2614	7.40855105048625
1515	146	280	349	392	1028	7.40854036424606
1516	6	143	280	349	1653	7.40852439745711
1517	6	146	280	349	899	7.40850052235881
1518	6	143	349	531	1592	7.40848022486494
1519	143	203	349	531	668	7.40847790529928
1520	143	310	349	668	1073	7.40846839224832
1521	6	280	349	392	1041	7.40844825780062
1522	168	241	280	349	1592	7.40841116900676
1523	146	152	241	349	899	7.40839763571731
1524	6	143	168	349	3191	7.40832840910249
1525	6	143	152	349	936	7.40830130795475
1526	146	280	349	1096	3173	7.4082629732474
1527	280	349	392	1041	1096	7.40823996340745
1528	6	146	168	349	1299	7.40821231650642
1529	152	241	349	392	1592	7.40818799273709
1530	6	143	152	349	4380	7.40817580795475
1531	143	152	349	668	3622	7.40817147103107
1532	139	146	152	241	349	7.40805813571731
1533	146	152	168	349	551	7.40802372086504
1534	143	152	349	668	1728	7.40801122103107
1535	143	152	349	668	916	7.40796297103107
1536	143	152	168	349	3342	7.40792613611733
1537	143	152	168	349	899	7.40792138611733
1538	6	143	152	349	1176	7.40784430795475
1539	143	152	203	349	1153	7.4078352638785
1540	143	152	349	551	1096	7.40777967985524
1541	6	143	146	349	485	7.40776612071491
1542	146	152	168	349	376	7.40774828081676
1543	6	143	280	349	359	7.40766298990018
1544	6	143	146	349	938	7.40753437071491
1545	143	152	280	349	1299	7.40741996020921
1546	143	203	349	1083	1096	7.40739529493586
1547	6	146	168	349	1356	7.40738056650642
1548	143	152	241	349	731	7.40737909890772
1549	143	152	168	349	617	7.40737838611733
1550	146	152	241	349	994	7.40735663571731
1551	6	143	152	316	349	7.40733455795475
1552	6	168	349	668	1592	7.40727056221751
1553	6	146	152	349	559	7.40724348730008
1554	143	152	196	349	668	7.40724181466009
1555	143	152	168	349	1669	7.4072273512503
1556	143	203	211	349	668	7.40721222565466
1557	143	241	280	349	719	7.40717183188333
1558	146	241	310	349	668	7.40716708786542
1559	143	152	241	338	349	7.40716609890772
1560	6	146	152	349	2320	7.40715873730008
1561	146	152	203	349	1083	7.40707261071887
1562	143	152	241	349	1719	7.40703334890772
1563	6	143	146	349	2040	7.40700687071491
1564	6	146	152	319	349	7.40699373730008
1565	11	146	152	280	349	7.40695972799521
1566	143	152	241	349	390	7.40691909890772
1567	6	146	349	1096	1995	7.40691442900104
1568	143	152	349	668	2614	7.40691109607044
1569	6	143	168	349	1153	7.40680840910249
1570	143	152	241	349	750	7.40673459890772
1571	6	146	310	349	668	7.40673319329814
1572	6	146	168	266	349	7.40656831949749
1573	143	152	241	349	3525	7.40656205361044
1574	143	203	310	349	1073	7.40655909464547
1575	143	152	168	349	994	7.40650638611733
1576	143	152	280	349	3235	7.40648971020921
1577	143	152	310	349	1482	7.40647787672221
1578	6	146	203	349	668	7.40647015750499
1579	143	349	668	1083	1892	7.40639573261853
1580	146	152	211	241	349	7.4063936295675
1581	6	143	168	349	739	7.40637653528657
1582	6	146	152	349	1728	7.40619248730008
1583	146	241	280	349	531	7.40618228857411
1584	146	152	203	349	1482	7.40618172311923
1585	146	168	241	349	392	7.40613769646394
1586	6	143	349	1096	1532	7.40609888961701
1587	143	152	280	349	1667	7.406074402895
1588	143	349	579	668	1083	7.40606390137021
1589	6	143	152	349	3525	7.40605568868909
1590	143	146	152	349	916	7.40603600881096
1591	152	241	349	899	1592	7.40598234085186
1592	6	241	349	668	1592	7.40595049812739
1593	143	152	349	617	1592	7.40590627934548
1594	143	152	349	668	1046	7.40589172103107
1595	143	152	203	349	2053	7.40588754308638
1596	6	146	168	349	2060	7.40588606650642
1597	46	143	146	152	349	7.40587725881096
1598	143	146	168	349	899	7.40586507921727
1599	146	349	392	1028	1096	7.4058346523853
1600	88	143	152	241	349	7.40583009890772
1601	6	143	152	349	3464	7.40582030795475
1602	6	146	168	189	349	7.40580731650642
1603	14	143	146	168	349	7.40570507921727
1604	143	203	349	668	994	7.40568097565466
1605	143	152	241	349	2114	7.40565934890772
1606	6	143	280	349	1984	7.40565589745711
1607	139	146	152	168	349	7.40562043081802
1608	146	152	280	349	1995	7.40560290776986
1609	152	241	349	1592	1653	7.40556534085186
1610	146	152	280	349	579	7.40551797240767
1611	6	146	168	349	994	7.40550956650642
1612	143	168	280	349	521	7.40547991210483
1613	143	146	152	349	465	7.40543975881096
1614	143	152	349	1592	1669	7.40543221197293
1615	143	146	168	349	564	7.40541558384079
1616	6	146	152	349	882	7.40541298730008
1617	6	143	152	349	791	7.40540330795475
1618	143	152	241	349	1895	7.40537959890772
1619	6	168	349	521	1592	7.40537652545029
1620	6	143	146	349	1032	7.40536087071491
1621	280	349	392	1096	1121	7.40523681116055
1622	6	143	146	349	778	7.40519812071491
1623	146	152	168	349	3173	7.40519305522998
1624	6	143	241	349	939	7.4051725523596
1625	53	152	349	668	1592	7.40514760533503
1626	143	152	241	349	646	7.40509666125512
1627	203	241	349	1083	1592	7.40504938312693
1628	152	349	668	1083	2734	7.40501888524836
1629	168	280	349	531	1096	7.40495248696196
1630	146	152	349	551	1482	7.40494660207204
1631	143	146	152	349	2054	7.40493225881096
1632	6	143	152	349	695	7.40486330795475
1633	143	152	349	392	551	7.40481877554606
1634	6	143	152	349	2053	7.40480882019483
1635	143	349	668	1083	1153	7.40468065137021
1636	6	143	168	349	465	7.40454365910249
1637	146	203	241	349	668	7.40453218818458
1638	152	168	222	241	349	7.40447946204866
1639	143	152	241	349	842	7.40444634890772
1640	6	143	310	349	1083	7.40438933542088
1641	6	143	152	349	904	7.40429630795475
1642	143	152	349	551	1482	7.40427355010296
1643	6	146	152	156	349	7.40417198730008
1644	143	152	280	349	465	7.40406921020921
1645	143	146	152	349	1287	7.40404659824574
1646	146	152	280	349	1083	7.404036832353
1647	6	143	152	195	349	7.40386210193414
1648	6	14	143	349	1592	7.40384781917796
1649	6	146	168	349	3271	7.40384456650642
1650	143	168	280	349	719	7.40382223236033
1651	143	280	349	392	1592	7.40380981688307
1652	143	152	280	349	415	7.40379219365958
1653	143	152	241	349	2903	7.40373709890772
1654	143	203	211	241	349	7.40371660495032
1655	143	146	152	349	487	7.40369875881096
1656	6	143	146	349	1648	7.40368785401065
1657	143	203	349	415	668	7.40361575514248
1658	6	280	349	668	1592	7.40361431914485
1659	146	349	392	1096	2213	7.40359360873797
1660	6	146	280	310	349	7.40358347456927
1661	6	146	168	349	1287	7.40357069840859
1662	6	146	168	349	4327	7.40349331650642
1663	6	143	146	349	676	7.40339762071491
1664	146	152	241	349	1984	7.40334713571731
1665	72	152	203	349	668	7.40333151684538
1666	146	152	349	1083	1096	7.4032915858551
1667	241	349	668	1083	3525	7.40319757801249
1668	152	168	203	349	1592	7.40318279796825
1669	143	146	152	349	3191	7.40316675881096
1670	6	143	152	349	2392	7.40314605795475
1671	146	168	349	1096	2107	7.40310181597474
1672	152	241	349	719	1592	7.40307795397438
1673	6	143	168	349	1487	7.40300290910249
1674	6	146	152	349	2060	7.40299676019809
1675	143	152	241	349	1532	7.40298718255741
1676	146	152	241	349	1653	7.40294388571731
1677	143	241	349	668	719	7.40288300620686
1678	14	146	152	349	1482	7.40281965708502
1679	152	241	349	668	2463	7.40271916697213
1680	143	152	280	349	1153	7.40271296020921
1681	143	152	203	287	349	7.4026967638785
1682	6	222	280	349	1096	7.40267205239084
1683	6	146	152	349	406	7.40262748730008
1684	6	143	146	349	661	7.40258712071491
1685	6	143	152	349	4783	7.40257155795475
1686	6	143	152	349	2114	7.40255755795475
1687	6	146	349	1083	1592	7.40248558640727
1688	146	152	168	349	1028	7.40244786026648
1689	146	168	349	939	1096	7.40243503642342
1690	6	146	168	349	3396	7.40241156650642
1691	143	146	211	241	349	7.40239960634842
1692	6	146	152	349	867	7.40236240133797
1693	6	143	168	349	1648	7.40230303636965
1694	146	168	241	349	1319	7.40221183641297
1695	143	152	203	349	3622	7.4021780138785
1696	143	152	241	349	1357	7.40217284890772
1697	6	143	152	349	2970	7.40208955795475
1698	143	152	203	349	2334	7.4020445138785
1699	152	247	349	668	1592	7.40203200779539
1700	143	299	349	668	1083	7.40195915137021
1701	146	152	241	349	551	7.40186384495971
1702	6	82	146	349	1482	7.40184518741708
1703	6	146	168	349	977	7.40176231650642
1704	6	143	146	349	842	7.40174037071491
1705	143	152	168	349	1984	7.40173138611733
1706	14	143	349	668	1083	7.40170515137021
1707	143	146	168	349	994	7.40170507921727
1708	152	241	310	349	668	7.40168532212333
1709	143	310	349	668	2246	7.40168448272089
1710	6	143	280	349	793	7.40163745252773
1711	152	203	280	349	1592	7.40162993429316
1712	143	168	349	531	1083	7.40162975250821
1713	146	168	349	1096	2213	7.40160473320588
1714	6	143	152	349	670	7.40160005795475
1715	6	146	203	280	349	7.40156791182892
1716	146	152	203	349	1995	7.40155637835594
1717	146	168	349	719	1482	7.40155202018718
1718	152	349	668	1083	3525	7.40150559599376
1719	6	146	152	349	1487	7.40149048730008
1720	143	152	241	349	4286	7.40147859890772
1721	143	152	241	349	639	7.40145849426816
1722	143	241	349	415	668	7.40142331233833
1723	6	143	349	668	1418	7.40139635563634
1724	143	146	152	349	646	7.40129360333305
1725	6	143	146	349	4184	7.40126799675375
1726	6	146	152	349	390	7.40124698730008
1727	6	146	152	349	1032	7.40120573730008
1728	143	168	349	564	1096	7.40118749070842
1729	143	152	349	668	848	7.40115011936338
1730	143	152	241	349	546	7.40110906077384
1731	143	152	349	668	2493	7.40108972103107
1732	168	349	668	1083	1592	7.40105971590468
1733	6	143	152	247	349	7.40099197156597
1734	6	143	152	159	349	7.40096580795475
1735	146	280	349	1482	1592	7.40094768455993
1736	6	146	168	349	3235	7.40090156650642
1737	143	152	349	465	668	7.40089622103107
1738	143	146	152	349	1046	7.40085975881096
1739	6	146	152	349	3799	7.40084077808828
1740	53	143	152	241	349	7.40083651391302
1741	11	146	280	349	1096	7.40083470857812
1742	6	146	168	349	1073	7.40082766840175
1743	6	143	146	157	349	7.40082087071491
1744	6	143	146	349	4286	7.40080012071491
1745	143	168	349	531	668	7.40069332525133
1746	143	146	310	349	1096	7.40063773812359
1747	6	146	168	349	3622	7.40059231650642
1748	6	146	152	349	564	7.40057822151277
1749	143	152	241	349	2866	7.40055509890772
1750	143	152	349	551	668	7.40054923447398
1751	146	152	349	1096	2213	7.40049964773796
1752	241	280	349	1482	1592	7.40042854365972
1753	146	168	349	793	1096	7.40040653388197
1754	143	349	668	1083	1728	7.40037565137021
1755	143	146	280	349	551	7.40035277653731
1756	143	152	349	1592	3773	7.40033896166188
1757	6	143	280	349	3235	7.40032064745711
1758	143	152	203	299	349	7.4003117638785
1759	143	152	241	341	349	7.40030884890772
1760	143	152	280	349	3191	7.40030521020921
1761	6	146	152	349	2434	7.40023398730008
1762	310	349	668	1083	2184	7.40020196619694
1763	152	241	349	1073	1083	7.40018871838005
1764	11	146	280	349	392	7.40016847888582
1765	6	143	152	224	349	7.40014755795475
1766	6	146	168	349	1046	7.40014156650642
1767	143	152	349	392	2213	7.40012748887749
1768	143	152	280	349	407	7.40012346020921
1769	119	143	152	349	668	7.4001058138443
1770	6	143	152	349	592	7.40007655795475
1771	143	152	349	1073	2053	7.4000586275498
1772	6	143	349	668	719	7.40004566910445
1773	143	152	241	349	1397	7.40000834890772
1774	41	143	152	241	349	7.39997734890772
1775	143	152	349	939	1592	7.39996329536387
1776	143	247	310	349	668	7.39995146093891
1777	6	146	168	349	656	7.39994931650642
1778	6	143	146	349	546	7.39990083258103
1779	143	146	152	349	879	7.39987100881096
1780	6	146	168	349	2434	7.39966256650642
1781	6	143	146	349	4327	7.39966137071491
1782	146	152	241	349	1319	7.39965938571731
1783	143	152	156	349	668	7.39965522103107
1784	143	152	241	349	938	7.39948384890772
1785	6	143	146	349	656	7.39940762071491
1786	143	203	349	668	1653	7.39933238487676
1787	6	152	241	280	349	7.39931083673215
1788	6	143	349	564	1096	7.39928618695827
1789	349	668	1083	2184	2614	7.39927270379423
1790	146	241	280	349	719	7.39915370014976
1791	143	152	211	280	349	7.39914520405939
1792	168	241	280	349	1096	7.39914147274381
1793	6	146	280	349	564	7.39913628822747
1794	6	143	146	349	3751	7.39911937071491
1795	143	152	280	349	1669	7.39899295243216
1796	72	143	152	349	668	7.3989879749933
1797	6	146	280	349	3342	7.39897802235881
1798	146	168	241	349	376	7.3989602736605
1799	6	143	146	349	813	7.39893312071491
1800	143	152	349	668	3360	7.39892297103107
1801	88	143	349	668	1083	7.39881390137021
1802	146	152	168	349	564	7.39870090282249
1803	146	152	241	349	1153	7.39864863571731
1804	6	143	152	202	349	7.39860905795475
1805	6	146	168	349	725	7.39860531650642
1806	6	146	152	287	349	7.39854823730008
1807	146	241	349	1083	1096	7.398534711044
1808	143	152	349	1592	1892	7.39851400529802
1809	143	152	349	668	3531	7.39850202727105
1810	6	146	168	349	3360	7.39850056650642
1811	143	152	203	349	3444	7.3984995138785
1812	72	241	349	668	1073	7.39847553091531
1813	143	152	349	579	1482	7.39846005091543
1814	146	168	193	349	1096	7.39843835710164
1815	6	146	349	1096	1532	7.39842816155769
1816	143	146	280	349	2213	7.39834721442137
1817	6	152	280	349	1267	7.39831790931047
1818	143	152	349	668	2657	7.39830047103107
1819	143	152	349	668	3521	7.39826797103107
1820	6	143	168	319	349	7.39823465910249
1821	143	168	349	1096	3173	7.39817627440101
1822	349	668	1083	1669	3525	7.39812730570714
1823	143	152	241	349	2434	7.39808434890772
1824	6	146	349	1083	1995	7.39805449806222
1825	143	152	196	280	349	7.39800880383823
1826	146	152	203	349	1073	7.39799595820862
1827	146	152	280	349	617	7.39795272240767
1828	6	146	168	349	406	7.39794756650642
1829	152	280	349	411	1096	7.39791806491958
1830	146	152	280	349	3342	7.39788722240767
1831	146	152	168	349	1892	7.39788116691153
1832	143	152	266	349	1592	7.39787478040059
1833	6	143	152	349	1252	7.39778480795475
1834	143	152	349	543	668	7.39775422103107
1835	6	143	152	349	2267	7.39769505795475
1836	6	146	152	349	891	7.39765123730008
1837	146	152	168	349	465	7.39764218081802
1838	146	152	241	349	1299	7.39761363571731
1839	349	668	1083	2246	2614	7.39761283374983
1840	6	143	146	349	559	7.39758287071491
1841	6	146	168	349	3074	7.39758281650642
1842	6	146	152	349	738	7.39755848730008
1843	152	310	349	668	1083	7.3975554523835
1844	6	143	152	349	615	7.39753505795475
1845	6	143	168	349	1064	7.39753290910249
1846	143	203	241	349	1653	7.39751101417243
1847	143	152	224	241	349	7.39747309890772
1848	6	146	349	564	1096	7.39746092692192
1849	146	152	349	392	551	7.39745089217749
1850	6	143	168	349	754	7.39743990910249
1851	152	349	392	1482	1592	7.39741631454994
1852	146	152	241	349	3023	7.39741463571731
1853	6	143	152	349	2997	7.39738280795475
1854	86	143	152	349	668	7.39738072103107
1855	310	349	668	1083	2246	7.39737690447877
1856	146	152	241	349	1356	7.39735838571731
1857	6	143	241	266	349	7.39731703235969
1858	143	152	241	349	711	7.39730859890772
1859	6	143	152	349	1670	7.39730380795475
1860	6	146	152	349	4992	7.39730223730008
1861	280	349	392	1482	1592	7.39719143960524
1862	6	143	168	349	2334	7.39714690910249
1863	6	143	168	349	3360	7.39714315910249
1864	143	349	617	668	1083	7.39710940137021
1865	6	146	152	349	351	7.39706573730008
1866	143	349	407	668	1083	7.39705315137021
1867	152	241	349	1592	3023	7.39703209085186
1868	6	143	152	349	803	7.39701684725761
1869	6	143	152	349	3601	7.39695030795475
1870	143	152	168	349	1798	7.39693974750148
1871	143	146	152	289	349	7.39689175881096
1872	6	143	146	349	2434	7.39686662071491
1873	146	168	349	531	1995	7.39683488844908
1874	139	143	152	203	349	7.3967195138785
1875	146	280	349	551	1482	7.39669931814469
1876	143	152	189	203	349	7.3966937638785
1877	6	143	280	349	782	7.39667464745711
1878	143	152	168	349	551	7.39666898036486
1879	143	349	668	1083	2184	7.39663827786899
1880	143	146	152	349	1667	7.3966243030527
1881	139	143	152	349	1592	7.39662402934548
1882	6	143	168	349	4611	7.39661790910249
1883	146	152	168	349	1653	7.39661218081802
1884	143	152	241	349	1176	7.39659259890772
1885	6	143	146	349	1863	7.39654967975059
1886	6	143	152	349	3563	7.39653130795475
1887	146	152	168	349	646	7.39652598923694
1888	6	143	280	349	407	7.39651664745711
1889	143	152	203	349	3235	7.3964982638785
1890	6	146	168	349	2332	7.39648381650642
1891	6	143	280	349	1267	7.3964794209052
1892	143	152	241	349	656	7.39644709890772
1893	143	152	241	349	2159	7.39643859890772
1894	6	146	168	349	938	7.39642931650642
1895	146	168	280	349	376	7.39640494946874
1896	143	152	241	349	1267	7.39639730826277
1897	6	146	168	349	731	7.39634181650642
1898	146	152	280	349	899	7.39634022240767
1899	6	146	152	349	4343	7.39633948730008
1900	143	241	310	349	415	7.39631635210724
1901	349	668	1083	1592	2614	7.39629087348999
1902	241	310	349	1073	1592	7.39625055318764
1903	146	349	668	1083	3525	7.39620388442984
1904	6	143	152	349	358	7.39616205795475
1905	6	143	280	349	3191	7.39610114745711
1906	143	203	349	668	1319	7.39598872565466
1907	6	46	143	168	349	7.39596090910249
1908	143	152	241	349	4611	7.39594559890772
1909	146	241	349	1096	1482	7.39590316565977
1910	349	668	1083	1096	2184	7.39588491254111
1911	143	152	349	1592	1984	7.39587327934548
1912	143	152	349	668	2316	7.39581372103107
1913	146	152	349	392	1592	7.39580967958589
1914	146	241	349	1073	1083	7.39579295598843
1915	6	143	152	349	3045	7.39578930795475
1916	139	143	152	168	349	7.39576513611733
1917	143	241	349	668	1653	7.39573418060253
1918	143	152	349	668	1798	7.39567398500041
1919	6	146	168	349	3521	7.39564256650642
1920	143	152	203	349	3360	7.3956230138785
1921	143	152	349	1482	2213	7.39561026592539
1922	143	349	668	1083	1299	7.39560490137021
1923	6	143	146	349	891	7.39559587071491
1924	143	152	241	349	977	7.39558459890772
1925	6	146	168	349	4992	7.39553081650642
1926	143	146	168	349	1669	7.39549139663733
1927	143	146	349	668	1482	7.39547609524181
1928	152	222	241	349	1073	7.39546658626657
1929	143	152	241	349	559	7.39546059890772
1930	6	146	203	241	349	7.39542040795869
1931	6	146	152	337	349	7.39541898730008
1932	143	146	168	349	1892	7.39541859683647
1933	6	143	152	349	2691	7.39537410116539
1934	6	146	152	349	1064	7.39537398730008
1935	6	143	241	349	579	7.3953418023596
1936	143	335	349	668	1083	7.39533240137021
1937	143	146	168	349	1984	7.39532332921727
1938	152	349	392	1096	1592	7.39532253538009
1939	143	152	168	349	1892	7.39525746736565
1940	146	280	349	793	1096	7.39525229497404
1941	143	203	241	349	1482	7.39524301041515
1942	6	143	152	349	1350	7.39519280795475
1943	143	168	349	1096	1204	7.39517772906572
1944	6	146	152	349	3396	7.39516823730008
1945	152	241	349	1299	1592	7.39514959085186
1946	152	241	349	1153	1592	7.39512509085186
1947	146	168	280	349	3173	7.39511506147987
1948	143	152	349	668	813	7.39511497103107
1949	6	143	152	349	3371	7.39504880795475
1950	349	668	1083	1418	2184	7.39503991111385
1951	6	143	152	349	3115	7.39500005795475
1952	143	241	349	668	994	7.39497493060253
1953	146	168	280	349	551	7.39496991761897
1954	6	143	152	349	4206	7.39492980795475
1955	143	146	152	196	349	7.39490010243998
1956	6	143	146	232	349	7.39488087071491
1957	143	152	168	349	3173	7.39486736165522
1958	6	146	159	168	349	7.39486531650642
1959	146	349	392	719	1096	7.39476749010862
1960	143	152	349	1592	1653	7.39473052934548
1961	152	241	349	1592	1984	7.39471909085186
1962	143	152	280	349	1028	7.39466109355707
1963	143	152	168	211	349	7.39463587996751
1964	143	152	203	290	349	7.3946260138785
1965	6	146	152	157	349	7.39462348730008
1966	143	152	349	1096	1204	7.39460459819569
1967	6	30	146	168	349	7.39459656650642
1968	143	241	349	668	3525	7.39453529800303
1969	143	168	203	310	349	7.39453306813175
1970	6	119	143	146	349	7.39451494208756
1971	6	146	310	349	1096	7.39449055732016
1972	146	152	168	349	1984	7.39441993081802
1973	143	349	668	1592	1669	7.39439902883798
1974	310	349	668	1083	1995	7.39433616075846
1975	146	152	241	349	465	7.39432438571731
1976	146	152	168	349	3023	7.39430318081802
1977	6	146	349	668	1669	7.39421413483374
1978	143	152	349	668	782	7.39419672103107
1979	143	152	241	349	406	7.39419059890772
1980	6	146	152	349	1374	7.39412148730008
1981	6	143	280	349	994	7.39410089745711
1982	6	143	146	349	2866	7.39406287071491
1983	146	152	241	266	349	7.39405035321141
1984	6	143	152	349	405	7.39404580795475
1985	6	146	152	232	349	7.39400898730008
1986	146	152	349	579	1482	7.39400315708502
1987	143	152	349	1096	1653	7.39398509402957
1988	146	241	349	668	1592	7.39392083940625
1989	143	152	280	349	1287	7.39391276253132
1990	146	152	168	289	349	7.39388443081802
1991	6	53	146	168	349	7.39388259375274
1992	143	152	241	349	676	7.39383584890772
1993	152	241	266	349	1592	7.39383564143928
1994	6	146	168	349	3296	7.39375256650642
1995	152	280	349	551	1592	7.39369498771726
1996	143	152	349	1299	1592	7.39369277934548
1997	143	152	241	349	1350	7.39362084890772
1998	6	146	152	349	971	7.39357023730008
1999	6	143	168	290	349	7.39355115910249
2000	152	241	349	1592	1892	7.3935455352787
