V1	V2	V3	V4	V5
1	6	146	168	349	4.79107631650642
2	6	143	168	349	4.78120740910249
3	6	143	146	349	4.77138787071491
4	6	143	152	349	4.76655480795475
5	143	146	168	349	4.71823032921727
6	6	143	280	349	4.70829464745711
7	6	146	152	349	4.70555248730008
8	143	152	241	349	4.68960484890772
9	143	152	168	349	4.68552238611733
10	6	143	349	668	4.68467769712609
11	6	146	280	349	4.68285052235881
12	146	152	168	349	4.67972918081802
13	143	152	349	668	4.67922522103107
14	143	168	349	521	4.67423819747518
15	143	349	668	1083	4.67286740137021
16	143	146	152	349	4.67198175881096
17	6	143	349	1592	4.67196856917796
18	146	168	349	1096	4.67184253642342
19	6	143	241	349	4.6696763023596
20	143	152	203	349	4.6692462638785
21	146	168	349	521	4.6685933157644
22	6	143	349	1096	4.65599886052627
23	146	168	241	349	4.65403483641297
24	146	168	280	349	4.65194313629184
25	143	168	241	349	4.65004382154479
26	143	203	349	668	4.64888322565466
27	143	152	349	1592	4.64168152934548
28	143	152	280	349	4.64125521020921
29	6	146	349	1096	4.6386781051097
30	6	143	203	349	4.63849037136263
31	6	143	349	1482	4.63733590522259
32	6	146	349	1482	4.63652312409541
33	146	168	349	1482	4.63560198402163
34	143	168	349	1096	4.63395417648463
35	6	152	349	1592	4.63198232812388
36	143	241	349	668	4.62797818060253
37	152	241	349	1592	4.62703309085186
38	349	668	1083	2184	4.62580313605721
39	143	146	241	349	4.62334185634842
40	146	152	241	349	4.62272463571731
41	143	168	280	349	4.62217814603478
42	143	203	241	349	4.62124785495033
43	6	146	241	349	4.61845820187242
44	146	280	349	1096	4.61826335653151
45	349	668	1083	1592	4.61777895724655
46	143	280	349	1096	4.61568802909496
47	6	143	349	392	4.61128299423161
48	143	152	349	1482	4.61063280091543
49	6	146	349	668	4.60901241510853
50	143	152	349	1096	4.60868934402957
51	152	349	668	1592	4.60695996052297
52	349	668	1083	2246	4.60682057433904
53	6	146	349	392	4.60242927776677
54	6	146	349	1592	4.60218121445786
55	143	241	349	1592	4.60180116912223
56	6	168	349	1592	4.60164876859875
57	6	143	349	1083	4.60108159945368
58	146	349	668	1083	4.6007141852651
59	146	152	280	349	4.60014897240767
60	143	146	280	349	4.60005590065659
61	146	168	349	531	4.59942225245913
62	6	143	310	349	4.59882501711976
63	143	168	349	668	4.59748059146266
64	72	349	668	1083	4.59726670743112
65	143	168	203	349	4.59486065553398
66	146	152	349	1482	4.59415790708502
67	143	152	310	349	4.59191787698419
68	143	241	280	349	4.59174335008662
69	143	241	349	1073	4.59148494792111
70	143	349	668	1669	4.59117066728346
71	143	152	349	1073	4.59090755705431
72	143	310	349	668	4.59085021175998
73	6	82	146	349	4.5883520038634
74	146	152	349	668	4.58789782631027
75	143	146	349	668	4.58723608869357
76	6	280	349	1592	4.58712440595295
77	146	168	349	1995	4.58711601808054
78	203	349	668	1083	4.58542438425246
79	143	241	310	349	4.58395436459514
80	349	668	1083	1669	4.58383712782165
81	143	168	349	1482	4.58120564979344
82	349	668	1083	1995	4.58072433061873
83	143	168	349	531	4.58052758922331
84	143	349	668	1592	4.58044908054553
85	247	349	668	1083	4.58035121421968
86	143	241	349	531	4.57866071522471
87	6	143	349	551	4.57821023057041
88	349	668	815	1083	4.57797232968129
89	146	168	349	668	4.57702442480045
90	146	152	349	1096	4.57570647590976
91	143	146	349	1096	4.57498332327025
92	143	241	349	1096	4.57490399905098
93	143	349	668	2246	4.57451118035641
94	241	349	668	1592	4.5742566825012
95	152	280	349	1592	4.57354192807329
96	143	168	349	1592	4.57207271102033
97	146	280	349	1482	4.57117838187755
98	146	280	349	392	4.57116974220757
99	143	146	203	349	4.57036853820705
100	146	349	392	1096	4.56903112068843
101	6	143	349	531	4.56873897559166
102	143	152	349	392	4.56808611463136
103	6	152	168	349	4.56744213306069
104	143	203	349	1083	4.56740556944967
105	280	349	392	1096	4.56650475485968
106	146	168	349	719	4.56645269812423
107	6	146	349	1995	4.5658922663445
108	143	146	349	1482	4.56435542492031
109	152	203	349	1592	4.56409642367751
110	143	241	349	1083	4.56341248828626
111	146	168	349	1083	4.56303524203592
112	6	143	349	719	4.56101750313093
113	143	349	668	1096	4.56095408344513
114	146	241	280	349	4.56042133245257
115	143	280	349	392	4.56012737581927
116	143	152	349	531	4.55975974198637
117	152	168	349	1592	4.55942070498183
118	6	146	349	1083	4.55925345741471
119	6	349	668	1592	4.55895547724975
120	6	146	349	551	4.5582263376705
121	143	152	349	1083	4.55807108846901
122	6	143	222	349	4.55788027125134
123	146	168	349	1592	4.55749447165559
124	241	349	668	1083	4.55676887884775
125	146	152	349	1592	4.55623206192215
126	143	203	349	1592	4.55546570778791
127	6	168	349	521	4.55532011868523
128	6	143	349	521	4.55526805856844
129	152	349	1482	1592	4.55526171349704
130	143	152	349	415	4.55520715863448
131	146	168	349	392	4.55433724214156
132	53	349	668	1083	4.55431388733174
133	143	247	349	668	4.5541076974732
134	143	241	349	1482	4.55401255238642
135	6	241	349	1592	4.55364758493549
136	6	168	280	349	4.55332178619124
137	143	280	349	668	4.55319868448077
138	146	152	203	349	4.55315011173591
139	203	349	668	1592	4.5525836454082
140	143	280	349	1482	4.5520950801516
141	6	152	222	349	4.55182636152298
142	146	241	349	1096	4.55170535109866
143	143	349	392	1096	4.54986538461841
144	143	168	349	1083	4.54965426871954
145	146	168	203	349	4.54963573144997
146	349	668	1083	3525	4.54878073536256
147	143	152	349	1669	4.54773441740706
148	143	280	349	1592	4.54759971396146
149	146	241	349	1482	4.54732187872349
150	6	168	222	349	4.54724051491492
151	6	146	349	719	4.547189550332
152	6	14	143	349	4.54664928115257
153	146	241	349	668	4.54643500604922
154	143	152	349	2213	4.54606962139426
155	6	168	349	1096	4.54599797677832
156	143	203	310	349	4.5447880990495
157	6	143	266	349	4.54471901115267
158	152	349	668	1083	4.54425039682901
159	146	152	349	392	4.54357028546329
160	143	241	349	719	4.54267240060569
161	241	280	349	1592	4.54257383035747
162	168	241	349	1592	4.54248590281606
163	14	143	152	349	4.54224267518411
164	241	349	1073	1592	4.54077435445716
165	143	152	349	994	4.53866592518411
166	6	146	203	349	4.53805633192327
167	168	280	349	1096	4.53788593519075
168	143	152	266	349	4.53779086968724
169	6	280	349	1096	4.53768046380171
170	6	143	349	1669	4.53751269590278
171	152	241	349	2463	4.53722062916366
172	143	152	349	719	4.53665849449701
173	146	241	349	531	4.53646837056942
174	143	152	349	3773	4.5360162342809
175	203	241	349	1592	4.5346417771561
176	6	143	349	579	4.53450528115257
177	146	152	349	1995	4.53447765914366
178	143	203	349	1096	4.53391924261333
179	143	349	531	1096	4.53384306465074
180	6	152	280	349	4.53312359156563
181	6	146	349	531	4.53242452347212
182	668	1083	2184	2246	4.53229427490903
183	280	349	1096	1592	4.53227108955975
184	143	152	349	1892	4.53190825643243
185	152	241	349	1073	4.53168837857245
186	349	392	411	1096	4.53145250039599
187	143	152	349	551	4.53125943862702
188	6	143	349	2213	4.53110677122685
189	143	152	349	579	4.53060242518411
190	143	152	349	3342	4.52986217518411
191	146	168	349	3773	4.52965029466322
192	143	152	349	617	4.52947267518411
193	6	222	280	349	4.52906489736415
194	143	203	349	1073	4.52859477349906
195	6	349	1482	1592	4.52850785843595
196	349	668	2184	2246	4.52756591321224
197	6	143	349	3773	4.52746232533908
198	143	152	349	899	4.52734742518411
199	152	222	241	349	4.52726071263624
200	6	143	211	349	4.52716278115257
201	349	668	1083	2734	4.52687501989593
202	146	349	392	1482	4.52682408843156
203	143	152	349	1984	4.52677442518411
204	6	143	349	1667	4.5267334610283
205	349	668	1592	1669	4.52658968162579
206	6	146	310	349	4.52656389466362
207	146	241	349	1592	4.52613592186637
208	6	146	349	3773	4.52603876557711
209	146	349	531	1096	4.52554806506606
210	6	143	349	939	4.52525453115257
211	143	168	349	719	4.5250715355678
212	143	241	349	415	4.52504945673715
213	143	168	310	349	4.52491391249537
214	6	143	349	1798	4.52480359481324
215	143	146	349	392	4.52474932359783
216	6	143	326	349	4.52418073840233
217	6	11	146	349	4.52416086187895
218	143	203	280	349	4.5240365422124
219	6	143	349	617	4.52313128115257
220	146	241	349	719	4.52296655527101
221	152	203	349	668	4.52289779257249
222	349	668	1592	2246	4.52248781897051
223	143	152	349	1299	4.52214967518411
224	152	349	1073	1592	4.5216532011836
225	6	143	349	899	4.52078528115257
226	143	146	310	349	4.52061408322541
227	143	146	349	1083	4.52043083165697
228	139	143	152	349	4.51987717518411
229	53	143	349	668	4.51981480494525
230	143	349	668	3525	4.519698026796
231	6	143	349	1532	4.51928946210535
232	6	139	143	349	4.51923578115257
233	6	143	196	349	4.51907220607055
234	146	152	349	3773	4.5189305618157
235	152	241	349	668	4.5185939533604
236	146	203	349	668	4.51812411214916
237	241	349	1083	1592	4.51801754661485
238	143	152	349	1153	4.51760442518411
239	6	143	349	1073	4.51742422241687
240	241	349	1482	1592	4.51718522737479
241	6	143	349	1984	4.51700053115257
242	143	146	349	531	4.51697950309451
243	6	143	349	1892	4.51653846426948
244	143	152	349	3622	4.51651592518411
245	146	241	349	1073	4.51598836618083
246	146	349	668	1669	4.51574411117136
247	146	241	349	1083	4.51570645371154
248	146	349	1096	1482	4.51560411451835
249	143	152	349	407	4.51550617518411
250	349	668	1083	1466	4.51529401400855
251	143	152	349	2334	4.51517117518411
252	152	349	668	1669	4.51502847044818
253	280	349	411	1096	4.5149818897985
254	146	203	241	349	4.51493592297522
255	6	14	146	349	4.51472169245316
256	6	143	349	639	4.51465904603128
257	143	152	349	1653	4.51422717518411
258	72	152	349	668	4.51391888111938
259	143	152	349	939	4.51382472463276
260	349	668	1083	1096	4.51381331268172
261	141	349	668	1083	4.51379987741165
262	146	349	668	1096	4.51330825396242
263	6	53	143	349	4.51304967779191
264	143	152	189	349	4.51259042518411
265	6	143	349	3342	4.51223053115257
266	280	349	392	1592	4.51199156885748
267	152	349	1096	1592	4.51187016616766
268	6	146	349	1028	4.51184322052728
269	146	349	668	1995	4.511786130283
270	6	146	152	168	4.51149644425356
271	146	349	719	1096	4.51086062586774
272	143	152	349	916	4.51072442518411
273	6	143	349	359	4.51062886598002
274	349	668	1669	2246	4.51038004442347
275	6	143	349	1028	4.51033799126567
276	280	349	1482	1592	4.51012623105991
277	6	152	349	668	4.51007530710024
278	143	152	222	349	4.50977691081831
279	143	349	668	1418	4.50966788418273
280	143	349	668	1073	4.50953910065981
281	6	143	349	994	4.50949903115257
282	143	349	531	668	4.5094885688921
283	168	280	349	1592	4.50947870322599
284	143	152	349	487	4.50945017518411
285	6	146	349	579	4.50939144245316
286	6	143	290	349	4.50903078115257
287	6	349	668	1083	4.50896938470799
288	6	143	349	1319	4.50885478115257
289	6	143	349	407	4.50883903115257
290	143	211	241	349	4.50872057500136
291	143	152	349	465	4.50864242518411
292	152	349	668	1995	4.50849283384085
293	143	152	349	3023	4.50828567518411
294	143	168	349	392	4.50798184325104
295	143	152	349	1046	4.50788117518411
296	146	168	310	349	4.50786190539459
297	146	152	349	531	4.50778317716359
298	143	152	349	1798	4.50776143915345
299	6	143	349	1653	4.50760728115257
300	146	152	349	719	4.50716842899484
301	152	280	349	1096	4.50707550925782
302	6	146	349	2213	4.50703497430175
303	6	146	326	349	4.50693379017436
304	143	241	349	994	4.50683382500136
305	143	152	287	349	4.50679992518411
306	6	143	349	3023	4.50659353115257
307	152	349	392	1592	4.50654806934286
308	143	152	196	349	4.50648726881313
309	349	668	1083	3323	4.50639299248188
310	143	241	349	1653	4.50635657500136
311	146	152	349	2213	4.50633571176592
312	143	152	349	3235	4.50632242518411
313	143	146	349	719	4.50617822850081
314	6	146	222	349	4.50616655681267
315	6	143	349	1046	4.50610878115257
316	6	143	349	1120	4.50608393952249
317	146	168	349	3173	4.50595125650254
318	143	152	349	1287	4.50594922750622
319	146	241	310	349	4.50581534960326
320	6	349	1096	1592	4.50572272329612
321	146	152	349	1073	4.50562675514655
322	143	349	1083	1096	4.50522514112886
323	143	152	211	349	4.50501366903429
324	72	241	349	668	4.50501314719607
325	143	152	349	2054	4.50490517518411
326	143	152	349	3799	4.50485873763611
327	143	241	349	1287	4.50484864704621
328	6	143	349	1153	4.50484828115257
329	6	146	349	899	4.50469594245316
330	6	146	349	1667	4.50463253879624
331	349	668	1083	2614	4.50448157169015
332	143	152	157	349	4.50435742518411
333	143	349	668	1482	4.50431434505839
334	146	152	310	349	4.50399464182482
335	143	152	349	3444	4.50349692518411
336	310	349	668	1083	4.50344436633755
337	143	152	349	848	4.50324407351641
338	349	668	1073	1083	4.50315685681927
339	6	146	349	1120	4.5031553674624
340	143	152	349	1007	4.50286767437341
341	143	152	290	349	4.50284767518411
342	143	203	349	531	4.50276869677175
343	143	152	349	3191	4.50265817518411
344	241	310	349	1592	4.50231778918809
345	6	143	349	376	4.50229473879777
346	146	168	349	1319	4.50227413209059
347	143	152	349	1667	4.5022182573784
348	143	152	349	1319	4.50211617518411
349	143	152	349	2246	4.5020736401857
350	143	152	299	349	4.50198292518411
351	6	168	349	1482	4.50172236742278
352	152	168	241	349	4.50149670828671
353	143	241	349	392	4.50136826444861
354	46	143	152	349	4.50129842518411
355	6	143	349	754	4.50098978115257
356	143	241	349	2213	4.50091170644095
357	143	349	668	994	4.5008629093955
358	146	349	668	2246	4.50080155517017
359	349	668	1669	2184	4.50076746875935
360	146	152	349	1083	4.5005808337268
361	6	143	349	782	4.50050203115257
362	6	146	349	639	4.49986040429942
363	143	152	349	3091	4.49964417518411
364	143	349	1482	1592	4.49961008897159
365	310	349	668	1592	4.4995201339007
366	143	152	349	813	4.49921967518411
367	6	143	349	1418	4.49906965144354
368	6	143	349	1299	4.49877853115257
369	241	349	531	1592	4.49865214250692
370	143	241	349	939	4.49864732500136
371	6	143	349	564	4.49859101998502
372	349	668	1083	1267	4.49828134175909
373	14	143	241	349	4.49804407500136
374	143	152	349	879	4.49797767518411
375	6	143	189	349	4.49795203115257
376	6	139	146	349	4.49775244245316
377	146	280	349	1592	4.49770844209448
378	6	143	349	3799	4.49769165659252
379	152	222	280	349	4.49766609888394
380	146	280	349	668	4.49742948531633
381	6	143	349	3235	4.49709303115257
382	222	349	668	1083	4.4968635273044
383	143	349	719	1096	4.49666912613181
384	241	349	1096	1592	4.49662858359584
385	6	143	152	168	4.49657454935751
386	143	152	349	543	4.49639192518411
387	143	280	349	1083	4.4963617421645
388	143	152	349	4343	4.49631017518411
389	6	349	392	1592	4.49628798957487
390	6	143	349	646	4.49614294057366
391	6	280	349	392	4.49610498285551
392	146	168	349	646	4.49599846880584
393	6	280	349	1041	4.49596140197364
394	6	146	349	617	4.49564869245316
395	146	152	349	551	4.49561343302387
396	146	152	349	899	4.49559597378147
397	6	143	349	3191	4.49539378115257
398	6	46	143	349	4.49536953115257
399	6	143	349	3444	4.49521278115257
400	143	152	349	1028	4.49516044475585
401	247	349	668	1592	4.49502078161736
402	143	152	349	2320	4.49499517518411
403	6	143	146	168	4.49485589806811
404	6	143	349	3091	4.49482878115257
405	14	146	152	349	4.49465297378147
406	6	146	349	521	4.4944140615023
407	146	168	349	564	4.49441135409506
408	280	349	668	1592	4.49433566229937
409	6	146	266	349	4.49422119544423
410	152	349	668	2184	4.49413362441374
411	152	349	1083	1592	4.49413238439083
412	152	203	241	349	4.49398346362035
413	143	152	349	842	4.49395717518411
414	6	143	349	2334	4.49392253115257
415	146	280	349	719	4.49387893443907
416	6	152	241	349	4.49379495408593
417	6	143	289	349	4.49372053115257
418	6	143	349	793	4.49363204736571
419	6	168	241	349	4.49350918552302
420	6	143	349	465	4.49345578115257
421	143	349	668	719	4.4933934787084
422	143	241	349	1319	4.49323132500136
423	143	280	349	551	4.49312233360262
424	146	280	349	551	4.49303452355583
425	14	152	349	1592	4.49293741745764
426	6	143	349	543	4.49281028115257
427	152	349	668	2246	4.49255776673409
428	152	241	349	1267	4.49252991920372
429	143	152	349	1728	4.49252442518411
430	6	146	349	1669	4.49241121385682
431	168	349	1096	1592	4.49214883794985
432	143	152	349	359	4.49211109878621
433	6	152	349	1482	4.49187425974473
434	143	241	349	579	4.49184182500136
435	6	146	349	1532	4.4918076507632
436	6	143	349	739	4.49178953115257
437	152	310	349	1592	4.49173753917037
438	143	211	349	668	4.4917206593955
439	6	143	349	3622	4.49163653115257
440	349	668	677	1083	4.49154751235679
441	143	280	349	2213	4.4914983380654
442	143	152	349	739	4.49142739120167
443	146	349	1083	1096	4.49141645162474
444	143	349	392	1482	4.49115037807214
445	349	668	1083	1418	4.49109683522125
446	143	280	349	531	4.49079641769452
447	143	152	289	349	4.49060567518411
448	6	143	349	879	4.49057703115257
449	143	203	349	1482	4.49035688086979
450	53	143	152	349	4.49035659018941
451	143	152	349	2100	4.49030142518411
452	6	146	349	939	4.49025519245316
453	143	349	415	668	4.49024582250187
454	146	152	349	579	4.48982647378147
455	143	152	156	349	4.48982242518411
456	6	143	349	2320	4.48976978115257
457	143	241	349	376	4.48931953153444
458	143	152	349	546	4.48919638705023
459	143	241	349	1669	4.48912488456775
460	6	143	349	1487	4.48886303115257
461	143	152	349	646	4.48879942252345
462	143	241	349	1984	4.48876807500136
463	6	146	349	754	4.48876769245316
464	349	668	1083	2463	4.48861494688116
465	143	349	1096	1482	4.48839744311066
466	143	203	349	415	4.48837954661495
467	143	349	1096	1204	4.48834398201007
468	146	310	349	668	4.48826401523772
469	143	349	1083	1592	4.48813323996025
470	6	143	287	349	4.48808053115257
471	143	310	349	1096	4.48800170422928
472	6	143	349	4611	4.48788603115257
473	146	152	349	3342	4.48782497378147
474	6	146	349	1892	4.48782353041527
475	143	280	349	719	4.48781080438487
476	6	143	349	913	4.48770753115257
477	143	349	668	1653	4.4876824093955
478	143	152	349	3521	4.48763917518411
479	146	152	349	1892	4.48753120987498
480	146	280	349	2213	4.48732262399342
481	143	152	309	349	4.48722317518411
482	152	168	222	349	4.48719613069745
483	146	152	349	1669	4.48697082265786
484	6	143	319	349	4.48688603115257
485	6	168	349	1995	4.486819164483
486	152	168	349	1096	4.48674743649718
487	241	349	668	2463	4.48672512689374
488	143	241	349	1892	4.48672165624968
489	146	241	349	392	4.48663665544802
490	168	349	531	1096	4.4865964844759
491	6	143	349	1011	4.48656614065013
492	6	143	349	916	4.48656578115257
493	143	152	349	2657	4.48654692518411
494	6	143	349	1287	4.48648059099168
495	6	146	349	376	4.48635699978899
496	6	143	349	2246	4.48633807589913
497	146	152	349	617	4.48632797378147
498	143	152	349	376	4.48631604446839
499	143	152	349	485	4.48627992518411
500	143	152	349	754	4.48612392518411
501	6	143	349	3173	4.48591824083146
502	6	146	349	3342	4.48585544245316
503	143	349	1096	1592	4.4852978711674
504	143	349	668	1319	4.4852039093955
505	152	349	899	1592	4.48518291745764
506	6	53	146	349	4.48507846969948
507	143	266	280	349	4.48507540218965
508	143	241	349	617	4.48493432500136
509	143	152	349	639	4.48484257054455
510	143	152	349	1895	4.48480842518411
511	143	152	349	913	4.48458192518411
512	6	143	349	546	4.48453649301869
513	119	143	152	349	4.48449701799734
514	146	168	349	2213	4.4844566450293
515	143	241	266	349	4.48442754541869
516	143	152	349	782	4.48428542518411
517	143	152	349	3360	4.48427167518411
518	143	152	349	1719	4.48421842518411
519	6	146	349	1046	4.48382294245316
520	6	143	349	938	4.48376753115257
521	86	143	152	349	4.48375492518411
522	143	152	349	3531	4.48374573142409
523	6	349	1083	1592	4.48368593600726
524	6	143	349	406	4.48368403115257
525	146	168	349	1028	4.48366556153905
526	6	143	349	415	4.48358444425894
527	143	152	349	750	4.48347967518411
528	146	168	349	376	4.48337637934403
529	146	168	349	939	4.48337138209059
530	143	152	349	4327	4.48333992518411
531	143	152	349	1374	4.48329692518411
532	143	241	349	3342	4.48318307500136
533	143	152	349	4992	4.48317817518411
534	146	314	349	1096	4.4831672937557
535	168	349	521	1592	4.4831375085115
536	668	815	1083	2246	4.48309970502385
537	280	349	1096	1532	4.48298458875325
538	6	280	349	1267	4.48294057357283
539	6	143	349	2614	4.48284628643339
540	280	349	1096	1267	4.48282543249117
541	143	152	349	725	4.48278092518411
542	6	143	349	487	4.48273303115257
543	139	146	152	349	4.48273172378147
544	6	280	349	1482	4.482560432194
545	56	152	241	349	4.48255696836912
546	143	310	349	1592	4.48250783821022
547	152	349	579	1592	4.48239916745764
548	6	143	349	485	4.48234678115257
549	143	152	349	867	4.48230704027998
550	6	146	211	349	4.48227119245316
551	143	241	349	879	4.48223582500136
552	241	280	349	1096	4.48220242678668
553	6	143	349	891	4.48219678115257
554	143	241	349	3799	4.48213513745336
555	143	152	349	661	4.48208967518411
556	203	241	349	668	4.48207646584579
557	143	241	349	2053	4.48204655322203
558	143	152	349	2114	4.48197442518411
559	6	146	349	1798	4.4819719950488
560	6	143	349	778	4.48181478115257
561	152	241	280	349	4.48179045697887
562	143	152	349	1532	4.4817032588338
563	280	349	392	411	4.48165549029881
564	6	152	349	1096	4.48145788552323
565	146	168	349	2107	4.48140266164191
566	6	146	289	349	4.48128019245316
567	152	349	1592	3773	4.48121738462745
568	6	143	349	559	4.48118403115257
569	6	143	349	661	4.48101928115257
570	146	152	349	1028	4.48100356131423
571	6	146	349	3023	4.48095069245316
572	168	349	1482	1592	4.48084840170219
573	6	143	156	349	4.48069978115257
574	143	241	349	3023	4.48062307500136
575	203	349	668	2246	4.48054352097513
576	152	349	1592	2213	4.48048574730381
577	143	152	349	390	4.48035392518411
578	146	349	668	1592	4.48033665175929
579	6	146	349	1319	4.48028069245316
580	203	349	668	1995	4.48025471550226
581	6	143	349	4286	4.48023578115257
582	168	349	668	1592	4.48022917028169
583	143	152	349	688	4.48016617518411
584	143	349	392	668	4.48004934884275
585	143	152	349	891	4.47989767518411
586	143	152	349	4286	4.47989167518411
587	6	203	349	1592	4.4798835717934
588	143	349	668	1984	4.4798106593955
589	6	146	349	359	4.47972755619808
590	146	168	349	899	4.47971738209059
591	247	349	668	2246	4.47955542537105
592	203	349	1083	1592	4.47943254563312
593	143	152	349	2493	4.47918817518411
594	6	146	290	349	4.47911694245316
595	6	143	349	1719	4.47899978115257
596	143	349	668	2054	4.4789251593955
597	143	241	349	916	4.47886882500136
598	53	349	668	1592	4.47877480643561
599	168	349	668	1083	4.47871160516341
600	143	203	349	994	4.47867751712713
601	143	349	1073	1083	4.47867563820581
602	152	349	617	1592	4.47863891745764
603	6	143	349	676	4.47856078115257
604	6	146	349	1984	4.47835044245316
605	143	152	349	1487	4.47823942518411
606	6	143	349	1728	4.47807678115257
607	152	349	1592	3342	4.47803616745764
608	6	143	157	349	4.47786753115257
609	143	152	349	875	4.47778867518411
610	139	152	349	1592	4.47769116745764
611	146	152	349	415	4.47764005655478
612	6	143	349	1648	4.47756990841973
613	6	143	349	3751	4.47749078115257
614	143	152	349	3665	4.47735442518411
615	143	349	668	3799	4.4773077218475
616	6	146	349	4611	4.47728794245316
617	143	152	319	349	4.47720242518411
618	146	241	349	1995	4.47703898114616
619	6	143	349	4327	4.47698903115257
620	6	146	349	564	4.47695467666585
621	143	152	349	3525	4.47686112988682
622	6	143	349	2434	4.47685028115257
623	143	152	349	2614	4.47679431830406
624	241	280	349	1267	4.47677635547435
625	6	143	232	349	4.47670878115257
626	72	203	349	668	4.47664213044298
627	146	152	349	3622	4.47657897378147
628	6	146	168	280	4.47657422443255
629	349	668	815	2246	4.47655604506379
630	280	349	392	1041	4.4765304822996
631	152	247	349	668	4.47647381341251
632	143	152	349	559	4.47643217518411
633	143	152	349	2040	4.47615542518411
634	146	168	349	579	4.47601763209059
635	168	241	349	1096	4.47590764957608
636	143	152	224	349	4.47588917518411
637	143	168	349	3773	4.47586473906983
638	143	152	349	1380	4.47584042518411
639	41	143	152	349	4.47579967518411
640	6	146	349	407	4.47576919245316
641	72	349	668	2246	4.47576095585456
642	6	143	349	813	4.47575328115257
643	143	168	349	1319	4.47563910543463
644	6	143	339	349	4.47555203115257
645	6	143	349	867	4.47530298221055
646	6	143	349	2866	4.47511103115257
647	82	146	152	349	4.47492586721697
648	143	152	349	778	4.47485017518411
649	143	146	349	2213	4.47484630734655
650	143	241	349	3360	4.47483432500136
651	152	222	349	1482	4.47473814319141
652	143	349	668	3023	4.4747361593955
653	146	152	349	1299	4.47469097378147
654	146	349	392	551	4.47469050274297
655	6	143	309	349	4.47468228115257
656	152	349	551	1592	4.4745029858215
657	6	146	349	1153	4.47449094245316
658	143	152	349	1607	4.47447167518411
659	6	146	189	349	4.47446869245316
660	6	143	349	842	4.47444578115257
661	146	280	349	1083	4.47442968297865
662	146	280	349	531	4.47437804842811
663	146	349	392	1028	4.47436965429114
664	146	349	1482	1592	4.47435016107574
665	152	168	280	349	4.47434132515889
666	152	349	1592	1669	4.47430317179486
667	146	168	349	551	4.47421792213761
668	146	349	1096	1204	4.47421099907922
669	143	152	349	2866	4.47418517518411
670	6	143	349	848	4.47417941122147
671	6	143	349	2054	4.47404003115257
672	6	143	349	4184	4.47395932918179
673	143	241	349	1153	4.47386582500136
674	143	349	668	1892	4.47381424064383
675	152	241	349	1482	4.47376906969229
676	170	349	668	1083	4.47374920924876
677	6	143	349	3360	4.47372678115257
678	143	310	349	1073	4.473697210668
679	143	241	349	551	4.47365383844427
680	146	152	189	349	4.47344497378147
681	143	152	349	731	4.47337692518411
682	6	143	349	656	4.47323928115257
683	143	241	349	1299	4.47321582500136
684	146	349	668	1482	4.47317648986508
685	143	152	349	2053	4.47309968742419
686	6	146	196	349	4.47300472042704
687	349	668	1096	1592	4.47298516553775
688	143	241	349	407	4.47294057500136
689	241	349	1073	2463	4.47292339996892
690	143	203	349	1669	4.4727845111569
691	6	146	168	521	4.47273574420833
692	143	152	349	2016	4.47271517518411
693	349	392	1096	1592	4.47262368193063
694	53	349	668	2184	4.4725994654005
695	143	152	349	4611	4.47259042518411
696	146	247	349	668	4.47256592456997
697	152	280	349	1482	4.47256188983966
698	146	152	349	994	4.47246722378147
699	146	152	349	1984	4.47246222378147
700	6	146	349	3191	4.47245869245316
701	143	152	349	1120	4.4724318689642
702	146	168	349	1120	4.47240247898275
703	6	143	349	882	4.47225803115257
704	143	241	349	1798	4.4719825860664
705	203	349	668	1669	4.47191807064081
706	6	146	349	3444	4.47190394245316
707	14	143	349	668	4.4719019093955
708	146	349	1096	2213	4.47177515169297
709	143	168	349	3173	4.47175508097253
710	53	668	1083	2184	4.47174237944208
711	6	146	349	465	4.47173494245316
712	6	222	241	349	4.47169152732042
713	146	152	266	349	4.47163094127557
714	146	168	349	3342	4.47159013209059
715	146	152	349	1153	4.47158497378147
716	6	143	349	1032	4.47150978115257
717	143	152	349	2159	4.47149792518411
718	143	152	349	4603	4.47148867518411
719	143	152	349	353	4.47143217518411
720	143	152	338	349	4.47141692518411
721	6	143	349	2040	4.47133678115257
722	280	349	392	1482	4.47133267200938
723	146	152	349	465	4.47125947378147
724	6	143	349	971	4.47111603115257
725	143	203	349	1653	4.47109242634923
726	143	349	579	668	4.4710324093955
727	143	349	668	3773	4.4710283858572
728	146	241	349	2213	4.4709620169801
729	143	152	349	2903	4.47088917518411
730	152	222	349	668	4.4708657835211
731	143	241	349	3235	4.47073107500136
732	143	241	349	782	4.47073007500136
733	143	152	316	349	4.47070992518411
734	6	143	349	1374	4.47065428115257
735	146	203	349	1083	4.47048359592276
736	146	152	349	1356	4.47046447378147
737	143	241	290	349	4.47045332500136
738	143	152	349	1397	4.47028817518411
739	143	152	349	938	4.47026042518411
740	247	349	668	2184	4.47023591014177
741	143	349	668	939	4.4701741593955
742	6	143	349	4343	4.47010753115257
743	143	280	349	1532	4.47010439724956
744	241	349	1083	2463	4.47009963927639
745	6	146	349	782	4.46996969245316
746	146	168	349	1653	4.46996263209059
747	152	349	415	1592	4.46994453934505
748	146	152	349	1046	4.46993322378147
749	152	349	1592	3622	4.46992841745764
750	72	241	349	1073	4.46988289697574
751	143	349	521	668	4.46983555939938
752	143	241	349	2054	4.46976332500136
753	6	46	146	349	4.46966319245316
754	143	152	349	854	4.46962592518411
755	152	280	349	392	4.46961266520808
756	349	668	1083	3065	4.46954140022864
757	6	143	349	731	4.46946628115257
758	146	241	349	1287	4.46945528947408
759	146	349	564	1096	4.46945382697177
760	143	241	287	349	4.46941207500136
761	146	168	222	349	4.46941120632692
762	241	349	719	1592	4.46937094280417
763	88	143	152	349	4.46931617518411
764	247	668	1083	2184	4.46930053309385
765	143	349	668	879	4.4688329093955
766	280	349	392	1267	4.46879313115817
767	241	280	349	2463	4.4687909780013
768	143	168	349	646	4.46876918501703
769	6	146	349	2614	4.46872875563933
770	349	668	1083	1319	4.46872528619782
771	168	222	241	349	4.46846123751751
772	143	152	335	349	4.46840117518411
773	14	143	280	349	4.46830757887959
774	139	143	241	349	4.46824907500136
775	6	146	349	646	4.46816310900711
776	222	280	349	1096	4.46815692592506
777	143	222	241	349	4.46809645958088
778	152	241	349	2299	4.46802445276817
779	6	349	551	1592	4.46799681839665
780	6	146	349	1356	4.46799469245316
781	143	152	339	349	4.46797567518411
782	6	143	349	750	4.46795103115257
783	143	152	349	3916	4.46788392518411
784	6	146	349	739	4.46786619245316
785	143	349	1096	2213	4.46782749608321
786	143	280	310	349	4.46775605526492
787	6	168	349	668	4.46760593633185
788	146	241	349	376	4.46750389998991
789	152	349	994	1592	4.46737091745764
790	6	146	349	3622	4.46736169245316
791	143	152	349	1345	4.46735342518411
792	14	241	349	1592	4.46728257968165
793	6	143	349	3271	4.46713978115257
794	143	152	349	564	4.46701682749671
795	6	146	349	1299	4.46698194245316
796	146	152	349	3023	4.46698072378147
797	6	143	349	725	4.46695753115257
798	53	349	668	2246	4.46690681642826
799	146	152	349	407	4.46677422378147
800	6	349	392	1096	4.46674315179188
801	146	152	349	2334	4.46670122378147
802	143	241	349	899	4.46664557500136
803	143	152	349	977	4.46663617518411
804	143	152	179	349	4.46659192518411
805	280	314	349	1096	4.46655004774021
806	152	280	349	1267	4.4663556347073
807	143	196	241	349	4.46625906708571
808	146	168	349	3023	4.46625688209059
809	143	152	247	349	4.46623622440686
810	6	143	349	977	4.46623503115257
811	203	247	349	668	4.46621181002385
812	143	349	668	2213	4.46620249379101
813	143	152	349	1418	4.46620136175207
814	143	203	349	3773	4.46617230957241
815	6	143	349	1007	4.46612897724317
816	280	392	411	1096	4.46607606085255
817	143	168	222	349	4.46591580541023
818	247	349	668	1669	4.46585234579508
819	11	146	280	349	4.46584165431965
820	143	152	349	1350	4.46581942518411
821	14	146	168	349	4.46580163209059
822	6	222	349	1482	4.46580060873088
823	6	152	349	1995	4.46577677480469
824	6	143	349	1064	4.46571878115257
825	6	146	349	3751	4.46563394245316
826	6	119	143	349	4.46562410119357
827	152	241	349	1096	4.46558118683167
828	6	143	349	390	4.46555453115257
829	143	310	349	1083	4.46553119346456
830	143	203	349	719	4.46552783644003
831	6	146	349	543	4.46551869245316
832	6	143	349	2423	4.46550303115257
833	152	310	349	668	4.46546376374836
834	280	349	1096	1482	4.46543935169944
835	6	143	146	152	4.46541942491791
836	143	152	232	349	4.46524942518411
837	168	241	349	531	4.46524790196125
838	280	349	564	1096	4.46517557308581
839	6	143	299	349	4.46513103115257
840	143	168	349	1073	4.46510355783509
841	6	143	349	4992	4.46508728115257
842	6	143	349	3396	4.46505778115257
843	6	143	349	3521	4.46501428115257
844	146	349	551	1096	4.46498812330457
845	6	146	349	3173	4.46490530100612
846	222	241	280	349	4.46489791015395
847	6	143	349	351	4.46484928115257
848	143	349	668	2316	4.4648186593955
849	241	310	349	668	4.4646773335608
850	146	168	349	1669	4.46465477122044
851	143	152	349	2267	4.46461667518411
852	146	152	349	3444	4.46452597378147
853	143	152	349	2434	4.46446542518411
854	146	152	349	1667	4.4644552224431
855	146	168	349	617	4.46429563209059
856	6	146	319	349	4.46428019245316
857	152	349	1299	1592	4.46422916745764
858	6	146	349	793	4.46421243530338
859	146	168	289	349	4.46420763209059
860	143	203	211	349	4.46419351712713
861	146	168	349	782	4.46419138209059
862	143	203	349	1319	4.46415176712713
863	146	349	392	2213	4.46414345023457
864	349	668	1083	3023	4.46410428619782
865	72	310	349	668	4.46407950717788
866	146	152	349	3191	4.46406097378147
867	143	152	349	1357	4.46401917518411
868	280	349	668	1083	4.46399856768492
869	241	349	1073	1083	4.46398920487216
870	6	143	349	4753	4.46396653115257
871	146	152	349	487	4.46370297378147
872	241	349	668	1669	4.46359601981035
873	6	143	349	1380	4.46354303115257
874	143	152	349	1857	4.46343067518411
875	152	266	349	1592	4.46341846804506
876	112	241	349	1073	4.46341782887673
877	143	146	349	3773	4.46337838891778
878	143	152	195	349	4.4632532191635
879	53	152	349	668	4.46325173435061
880	203	241	349	1073	4.46320010287902
881	146	152	349	939	4.46316327323013
882	143	168	349	939	4.46316160543463
883	6	146	349	1653	4.46315694245316
884	143	152	349	1176	4.46310867518411
885	146	168	349	1532	4.4631028937146
886	6	143	349	875	4.46308803115257
887	152	168	349	1482	4.46307823933118
888	143	349	564	1096	4.46307071775609
889	72	152	241	349	4.46305298656811
890	152	349	1592	1892	4.46304486188447
891	6	143	349	3916	4.46287903115257
892	6	143	349	2903	4.46286953115257
893	314	349	1096	1204	4.46286784197821
894	143	349	668	3342	4.4628406593955
895	6	146	349	406	4.46262569245316
896	146	280	349	1028	4.4625267743422
897	146	280	349	1532	4.46251866876054
898	146	152	289	349	4.46250322378147
899	143	349	531	1083	4.46247462657584
900	280	349	392	551	4.46239621171945
901	152	349	465	1592	4.46231641745764
902	11	146	152	349	4.46226872727781
903	143	241	349	867	4.46222624053681
904	119	349	668	1083	4.46219362417098
905	143	146	349	551	4.46218555297267
906	241	349	579	1592	4.46218232968165
907	143	152	349	882	4.46204342518411
908	143	152	349	676	4.46203667518411
909	6	143	152	280	4.46198329541068
910	143	349	392	1592	4.46187796511666
911	6	143	349	4603	4.46185878115257
912	152	349	1046	1592	4.46177291745764
913	143	146	349	521	4.46168115874648
914	53	146	349	668	4.4615185227867
915	146	349	1083	1995	4.46151604842841
916	146	203	349	1096	4.46150465570883
917	143	152	341	349	4.46149692518411
918	6	143	349	3514	4.46149253115257
919	280	349	531	1096	4.46146056161589
920	143	152	349	3173	4.46142496987139
921	349	668	1083	2060	4.46141400954502
922	6	143	349	2100	4.46140428115257
923	143	152	349	2316	4.46137242518411
924	241	349	939	1592	4.46136104625139
925	280	349	1096	1204	4.46134757291164
926	152	349	531	1592	4.46120740686181
927	119	143	349	668	4.46119850220873
928	6	143	349	1267	4.46119682691514
929	46	143	241	349	4.46118382500136
930	6	146	349	3074	4.46115744245316
931	143	152	349	655	4.46115467518411
932	6	146	349	2334	4.46111469245316
933	143	152	202	349	4.46104492518411
934	6	146	349	913	4.46100994245316
935	6	82	143	349	4.46090492859448
936	6	143	349	2657	4.46085853115257
937	146	241	349	579	4.46085009376621
938	143	168	349	564	4.46083858205888
939	146	152	349	1287	4.4607716497666
940	143	152	349	406	4.46073342518411
941	6	143	349	3074	4.46062903115257
942	143	168	349	2107	4.46062249920588
943	146	168	314	349	4.4606223406392
944	143	241	349	3531	4.46056213124134
945	146	168	349	913	4.46052763209059
946	6	143	349	711	4.46051878115257
947	143	280	349	579	4.4604845788796
948	6	146	156	349	4.46048369245316
949	143	152	349	4783	4.46045867518411
950	152	349	1007	1592	4.46045486997959
951	152	349	487	1592	4.46044566745764
952	143	241	349	646	4.46043266564508
953	112	152	241	349	4.46029130398723
954	143	349	668	1299	4.4602729093955
955	146	168	349	1892	4.4602418681841
956	14	146	241	349	4.46023859376621
957	152	349	1153	1592	4.46006366745764
958	6	146	349	1418	4.46004732250809
959	177	349	668	1083	4.46003732837502
960	152	349	392	1096	4.45998075489565
961	143	157	241	349	4.45997407500136
962	46	146	152	349	4.45992997378147
963	143	152	349	1032	4.45991842518411
964	143	349	668	2614	4.45980578443487
965	241	349	668	1267	4.45975636241492
966	72	668	1083	2246	4.45973007658021
967	146	152	349	842	4.45968947378147
968	143	310	349	531	4.45968135693957
969	247	668	1083	2246	4.45965787179371
970	241	349	531	1096	4.4594808980214
971	152	241	349	531	4.45941842443496
972	241	349	1592	1653	4.45941157968165
973	168	222	280	349	4.45935058695372
974	6	146	349	3235	4.45924894245316
975	143	241	349	3444	4.45923607500136
976	6	146	349	3799	4.45921148324136
977	143	168	349	1653	4.45920385543463
978	143	349	668	2493	4.4591869093955
979	349	668	1083	1728	4.45914353619782
980	152	168	349	1995	4.45912564620096
981	6	152	349	1267	4.45909279897873
982	143	152	349	372	4.45902892518411
983	6	146	349	994	4.45896244245316
984	143	189	241	349	4.45893357500136
985	6	146	349	546	4.45892982082372
986	203	349	668	2184	4.45882966119342
987	146	241	349	1319	4.45877934376621
988	241	349	668	1073	4.45877596262724
989	139	146	168	349	4.45871613209059
990	6	146	349	1728	4.45869594245316
991	146	349	551	1482	4.45862927256909
992	119	143	241	349	4.45862141781459
993	143	152	349	3514	4.45861267518411
994	349	531	668	1083	4.45860740704845
995	152	349	1592	3023	4.45860041745764
996	143	152	349	1204	4.45859253448465
997	143	349	668	3444	4.4584774093955
998	152	241	349	3401	4.4583840103929
999	241	349	392	1592	4.45837398156688
1000	6	143	349	3531	4.45835733739254
1001	241	349	415	1592	4.45833059985449
1002	6	146	349	1032	4.45831494245316
1003	6	146	349	1719	4.45825969245316
1004	152	349	842	1592	4.45824016745764
1005	146	152	349	754	4.45823972378147
1006	143	203	349	2246	4.45821988798395
1007	143	152	349	3371	4.45821142518411
1008	143	349	392	551	4.45818790415628
1009	6	143	349	2332	4.45815928115257
1010	143	152	349	2332	4.45812067518411
1011	280	349	551	1096	4.45802048588432
1012	152	349	939	1592	4.45799468347602
1013	143	152	349	3914	4.45798492518411
1014	349	668	1083	3773	4.45797929751295
1015	146	211	241	349	4.45795109376621
1016	143	152	349	2392	4.45790517518411
1017	146	152	349	1319	4.45787997378147
1018	6	143	349	1863	4.45787709228129
1019	143	152	349	1262	4.45784042518411
1020	349	668	1482	1592	4.45779351759453
1021	146	241	349	939	4.45777009376621
1022	6	82	152	349	4.45773407762728
1023	6	143	168	521	4.45766552572376
1024	143	241	349	2334	4.45763907500136
1025	6	146	349	938	4.45762444245316
1026	6	146	349	977	4.45761819245316
1027	143	152	349	1863	4.45756148631284
1028	143	241	349	465	4.45755957500136
1029	146	152	349	1728	4.45748147378147
1030	143	152	349	3396	4.45741742518411
1031	143	152	349	3097	4.45729717518411
1032	152	241	310	349	4.45728895833571
1033	146	152	290	349	4.45727172378147
1034	146	241	349	415	4.45726657482494
1035	6	146	349	778	4.45726444245316
1036	152	349	407	1592	4.45724241745764
1037	241	349	668	2184	4.45723610643248
1038	143	241	349	3773	4.45722005146306
1039	143	152	349	662	4.45720017518411
1040	143	152	349	1400	4.45718692518411
1041	143	152	349	711	4.45712267518411
1042	6	146	349	4327	4.45711069245316
1043	349	668	879	1083	4.45710453619782
1044	143	152	349	3045	4.45706392518411
1045	241	349	1287	1592	4.45705741780235
1046	143	290	349	668	4.4570044093955
1047	349	668	1083	2054	4.45697678619782
1048	6	146	349	1287	4.45696512595529
1049	143	349	551	1096	4.45695256366962
1050	6	143	335	349	4.45693778115257
1051	143	152	349	1064	4.45689767518411
1052	86	143	241	349	4.45689032500136
1053	230	349	668	1083	4.45687028619782
1054	349	668	1995	2246	4.45683660272586
1055	146	349	1083	1482	4.4568169375274
1056	143	266	349	668	4.45677262981284
1057	143	241	349	661	4.45673532500136
1058	152	241	349	415	4.45664096695466
1059	225	349	668	1083	4.45657978619782
1060	349	395	668	1083	4.45652419879063
1061	143	152	349	4019	4.45646617518411
1062	241	349	415	1073	4.45643746587578
1063	143	241	349	1487	4.45631207500136
1064	143	299	349	668	4.4563059093955
1065	6	146	349	4184	4.45629008863268
1066	14	146	280	349	4.45627607303332
1067	143	189	349	668	4.4562359093955
1068	349	668	994	1083	4.45620028619782
1069	349	668	1083	1153	4.45619953619782
1070	6	146	349	4286	4.45619694245316
1071	152	349	1592	3444	4.45615391745764
1072	6	143	349	3296	4.45614853115257
1073	6	146	349	1487	4.45614794245316
1074	152	349	1592	3191	4.45613191745764
1075	143	152	349	1648	4.4561056307633
1076	146	241	349	1653	4.45602834376621
1077	6	143	349	1204	4.45589370467499
1078	6	146	349	842	4.45584019245316
1079	152	349	1592	1984	4.45583641745764
1080	6	146	349	1011	4.45580599756978
1081	143	349	668	899	4.4557861593955
1082	222	280	349	392	4.45574634678785
1083	6	146	349	2320	4.45566744245316
1084	146	349	1096	3173	4.45560540761923
1085	146	168	349	1984	4.45557888209059
1086	299	349	668	1083	4.45555803619782
1087	143	152	349	738	4.45551842518411
1088	6	146	168	1096	4.45548344367214
1089	143	146	349	1073	4.45537735963637
1090	349	392	1482	1592	4.45535676582788
1091	43	143	152	349	4.45535292518411
1092	143	241	349	2493	4.45534007500136
1093	143	152	251	349	4.45527967518411
1094	146	280	349	579	4.45526682303332
1095	152	349	1592	2334	4.45526366745764
1096	146	349	1028	1096	4.45524920264667
1097	143	241	349	848	4.45515497333366
1098	146	168	349	3191	4.45510663209059
1099	146	152	349	2806	4.45506097378147
1100	6	146	349	351	4.45505119245316
1101	6	143	349	812	4.45501828115257
1102	143	287	349	668	4.4550074093955
1103	143	203	349	1984	4.45500576712713
1104	146	168	349	3799	4.45498535989083
1105	152	349	739	1592	4.4549636334752
1106	143	146	349	579	4.45494466837207
1107	6	143	349	738	4.45492828115257
1108	143	152	349	659	4.45490792518411
1109	6	152	349	392	4.4548398284545
1110	6	146	349	1863	4.45483600148885
1111	143	152	349	615	4.45482767518411
1112	143	152	349	402	4.45472267518411
1113	146	152	349	376	4.45471619275638
1114	146	168	349	738	4.45468488209059
1115	72	247	349	668	4.45465725276613
1116	11	280	349	392	4.45464055076821
1117	280	349	719	1096	4.45458878370161
1118	143	152	349	787	4.45458867518411
1119	152	189	349	1592	4.45457416745764
1120	143	168	349	1669	4.45454713791104
1121	6	143	349	1607	4.45454603115257
1122	143	152	349	656	4.45453992518411
1123	143	241	349	3091	4.45451832500136
1124	143	241	349	2246	4.45451679000295
1125	6	146	349	2806	4.45451369245316
1126	349	668	1083	1653	4.45447528619782
1127	146	266	280	349	4.45447366933435
1128	143	152	349	1070	4.45446542518411
1129	6	143	349	2493	4.45444053115257
1130	6	143	349	1895	4.45442778115257
1131	146	152	349	639	4.45438181610945
1132	6	143	349	1857	4.45435153115257
1133	143	146	349	1669	4.45434601288212
1134	143	349	617	668	4.4542986593955
1135	6	143	349	1695	4.45425228115257
1136	6	143	349	2159	4.45412628115257
1137	143	152	349	3074	4.45412267518411
1138	143	349	1083	1482	4.45411765274212
1139	146	152	349	1653	4.45411472378147
1140	241	349	994	1592	4.45408257968165
1141	143	349	668	3360	4.4540461593955
1142	143	152	349	2789	4.45400792518411
1143	146	152	156	349	4.45394422378147
1144	146	349	1096	1532	4.45392730082431
1145	241	349	1592	2213	4.45387159475727
1146	146	168	349	879	4.45385388209059
1147	146	280	349	376	4.4538477551864
1148	146	152	349	1120	4.45384118420087
1149	349	415	668	1083	4.45382754862712
1150	143	203	349	3799	4.45377882957913
1151	349	668	1592	3525	4.45373514461684
1152	349	668	1083	3799	4.45365829641802
1153	152	349	668	2734	4.4535787678904
1154	146	168	349	465	4.45354463209059
1155	6	146	349	882	4.45353094245316
1156	143	241	349	3622	4.45351057500136
1157	146	152	349	543	4.45343822378147
1158	143	349	1096	1532	4.4533896596316
1159	6	152	349	1041	4.45338541058744
1160	53	349	668	1669	4.4533824151841
1161	143	168	349	2213	4.45331932659905
1162	143	349	668	1728	4.4532316593955
1163	6	146	349	3091	4.45313269245316
1164	668	1083	1669	2184	4.45312323418593
1165	88	143	349	668	4.4530394093955
1166	6	143	349	2789	4.45302253115257
1167	6	143	349	854	4.45297878115257
1168	143	349	407	668	4.4529694093955
1169	143	241	349	3191	4.45295732500136
1170	143	241	299	349	4.45294357500136
1171	152	349	668	1096	4.45291022947362
1172	146	168	211	349	4.45290638209059
1173	146	152	349	3235	4.45281622378147
1174	143	152	349	1503	4.4528083631634
1175	143	349	668	3531	4.45276621563548
1176	6	143	247	349	4.45276101748517
1177	146	168	349	407	4.45266613209059
1178	6	146	349	487	4.45264794245316
1179	241	349	617	1592	4.45264432968165
1180	6	143	349	688	4.45263278115257
1181	143	241	335	349	4.45263082500136
1182	6	143	349	3525	4.45255741188691
1183	143	203	349	2054	4.45254301712713
1184	6	43	143	349	4.45252878115257
1185	14	143	146	349	4.45252341837207
1186	6	146	349	1362	4.45251369245316
1187	241	247	349	668	4.45248161815263
1188	6	143	349	2153	4.45243978115257
1189	6	143	349	372	4.45241003115257
1190	143	280	349	1798	4.45239583994463
1191	349	668	1083	1413	4.45236014952217
1192	146	152	349	1007	4.45232952688017
1193	6	146	349	2332	4.45225519245316
1194	143	146	349	994	4.45221216837207
1195	152	203	349	1073	4.45219699831037
1196	143	280	349	3342	4.45218382887959
1197	241	349	668	2246	4.45217799875282
1198	143	349	1083	1669	4.45217578867172
1199	152	241	349	1287	4.45217281663012
1200	46	152	349	1592	4.45213366745764
1201	143	241	349	3525	4.45213177970407
1202	146	241	349	1892	4.45212882985972
1203	143	152	349	1231	4.45210492518411
1204	143	152	349	2997	4.45207267518411
1205	6	143	338	349	4.45203553115257
1206	6	143	349	3665	4.45201778115257
1207	143	349	1083	2246	4.45196916168185
1208	6	30	146	349	4.45194519245316
1209	143	241	349	487	4.45194007500136
1210	143	349	668	1153	4.4519024093955
1211	6	146	349	2434	4.45190019245316
1212	146	152	349	739	4.45184193979903
1213	6	146	349	3396	4.45182719245316
1214	152	349	668	815	4.45178676083051
1215	143	349	392	2213	4.45172875567307
1216	222	280	349	1482	4.45169911876639
1217	146	241	349	617	4.45157384376621
1218	143	280	349	1073	4.4515565201439
1219	241	349	1073	2053	4.45151001392242
1220	6	143	341	349	4.45141803115257
1221	6	146	349	559	4.45140544245316
1222	143	152	349	663	4.45136991572099
1223	143	241	349	913	4.45124957500136
1224	6	143	349	1397	4.45121603115257
1225	6	30	143	349	4.45118153115257
1226	88	143	241	349	4.45110582500136
1227	143	203	349	646	4.45108929923097
1228	152	349	668	1267	4.45107082195382
1229	152	349	668	1073	4.45102148955896
1230	6	146	349	2060	4.45099169245316
1231	146	241	349	3342	4.45093009376621
1232	349	668	1083	3522	4.45090003619782
1233	143	152	349	3271	4.45084617518411
1234	143	241	349	3521	4.45083732500136
1235	146	152	287	349	4.45082997378147
1236	6	143	349	353	4.45078103115257
1237	143	152	349	1006	4.45074642518411
1238	146	152	349	3799	4.45071645158171
1239	241	349	1319	1592	4.45071057968165
1240	146	168	349	1073	4.45069398398592
1241	143	241	349	1007	4.45069227172578
1242	143	280	349	1653	4.45068107887959
1243	6	143	251	349	4.45065328115257
1244	146	168	349	994	4.45063713209059
1245	143	203	349	879	4.45063701712713
1246	280	349	1096	2213	4.45052276436162
1247	143	241	349	1728	4.45052257500136
1248	6	146	349	738	4.45042544245316
1249	146	241	349	994	4.45041934376621
1250	143	146	349	1892	4.45041693599127
1251	143	349	663	1096	4.45041026550959
1252	143	203	349	1892	4.45039588614993
1253	143	349	1096	1653	4.45031422784395
1254	146	349	1096	1995	4.45029522905936
1255	143	241	349	543	4.45027982500136
1256	146	168	349	1863	4.45025994112627
1257	152	168	349	668	4.45021243645239
1258	143	280	349	1892	4.45017620441973
1259	203	310	349	668	4.45017349225647
1260	143	349	646	668	4.45016568503117
1261	143	203	349	939	4.45005401712713
1262	143	152	182	349	4.45001307422841
1263	143	203	349	2213	4.44995691998623
1264	146	241	349	3773	4.44991859916535
1265	241	349	1592	3342	4.44990082968165
1266	6	146	349	1064	4.44989969245316
1267	143	152	349	1253	4.44989249797912
1268	143	280	349	376	4.44988941134204
1269	143	241	349	2040	4.44988382500136
1270	143	146	349	3342	4.44988216837207
1271	349	668	1083	2401	4.44984980705183
1272	349	668	710	1083	4.44979239522678
1273	280	349	551	1592	4.4497681191238
1274	168	349	392	1096	4.44976397362268
1275	6	86	143	349	4.44976003115257
1276	6	143	179	349	4.44974628115257
1277	143	152	349	1670	4.44969992518411
1278	146	168	349	1798	4.4496712295054
1279	143	152	349	3769	4.44962442518411
1280	143	152	349	592	4.44961617518411
1281	349	668	2246	3525	4.44960123283476
1282	146	152	349	1607	4.44953922378147
1283	349	668	672	1083	4.44953745147941
1284	241	349	1592	3023	4.44948157968165
1285	349	374	668	1083	4.44929728619782
1286	146	152	349	1798	4.44926772668577
1287	168	349	521	1096	4.44924998629823
1288	146	349	668	719	4.44924045184334
1289	146	168	349	1204	4.4492381930398
1290	152	349	1592	1798	4.44919690267147
1291	72	349	668	1073	4.44918257214236
1292	349	392	551	1096	4.44916039765367
1293	349	668	1073	1592	4.44913500474363
1294	335	349	668	1083	4.44911178619782
1295	146	241	349	3023	4.44910234376621
1296	146	168	193	349	4.44906473429432
1297	146	152	299	349	4.44905522378147
1298	143	152	349	803	4.44905096448697
1299	6	143	193	349	4.44898002847481
1300	241	310	349	1073	4.44893642165763
1301	143	280	349	939	4.44893332887959
1302	349	668	1418	1592	4.44890699854483
1303	241	349	376	1592	4.4488775069982
1304	152	241	349	410	4.44886426477222
1305	143	349	668	916	4.4488426593955
1306	143	280	349	994	4.44878282887959
1307	152	349	1592	1653	4.44873841745764
1308	143	156	349	668	4.4486839093955
1309	168	280	349	1482	4.44868033219553
1310	143	241	349	2320	4.44860982500136
1311	143	349	1096	3173	4.44859889490972
1312	152	349	1592	4343	4.44859466745764
1313	27	349	668	1083	4.44858278619782
1314	143	152	349	912	4.44848767518411
1315	241	349	668	1995	4.44844701787735
1316	146	168	349	2614	4.44842283311588
1317	146	152	157	349	4.44841947378147
1318	143	157	349	668	4.4483554093955
1319	6	143	349	1400	4.44829728115257
1320	143	152	349	3296	4.44823517518411
1321	349	668	1083	1356	4.44815853619782
1322	146	152	349	4343	4.44814997378147
1323	146	168	349	1153	4.44808788209059
1324	6	146	349	390	4.44807844245316
1325	6	143	349	615	4.44807628115257
1326	152	241	349	1995	4.44801954492582
1327	146	193	349	1096	4.44798037216126
1328	146	152	349	546	4.44792760215203
1329	349	668	1466	2246	4.44791670209167
1330	152	349	1592	3235	4.44789166745764
1331	146	168	349	793	4.44788811470714
1332	156	349	668	1083	4.44788478619782
1333	349	668	1083	3094	4.44787403619782
1334	146	168	349	3444	4.44786688209059
1335	6	11	280	349	4.44783500655209
1336	349	668	719	1083	4.44782800059534
1337	146	152	349	1719	4.44781622378147
1338	6	146	349	1073	4.44780553321235
1339	6	146	349	1648	4.44780552791448
1340	143	349	487	668	4.4478014093955
1341	146	152	349	4327	4.44779947378147
1342	143	152	349	497	4.44779267518411
1343	146	241	349	551	4.44779205300861
1344	168	241	280	349	4.4477750230938
1345	6	146	287	349	4.44777269245316
1346	141	152	349	668	4.44772306209657
1347	143	280	349	617	4.44771757887959
1348	6	143	349	852	4.44769403115257
1349	6	280	349	551	4.44746077116774
1350	6	143	349	663	4.44745748392901
1351	139	143	349	668	4.4473746593955
1352	146	349	719	1482	4.44726125292734
1353	349	668	939	1083	4.44725853619782
1354	146	152	349	2054	4.44721847378147
1355	146	152	349	390	4.44721572378147
1356	146	168	349	390	4.44717538209059
1357	143	152	349	1159	4.44715892518411
1358	143	203	349	392	4.44715545657438
1359	143	195	241	349	4.44711391569505
1360	53	668	1083	2246	4.44708755394043
1361	143	349	668	3235	4.4470684093955
1362	143	152	349	3751	4.44705392518411
1363	146	152	349	2614	4.44701467480676
1364	349	668	1083	3521	4.44696728619782
1365	280	349	838	1096	4.44694804800892
1366	6	143	349	2107	4.44692939537249
1367	146	152	349	4992	4.44686847378147
1368	152	349	1028	1592	4.44680082683782
1369	6	146	349	812	4.44679594245316
1370	6	146	349	971	4.44679319245316
1371	6	146	349	879	4.44678869245316
1372	6	143	349	662	4.44674028115257
1373	6	146	349	485	4.44672444245316
1374	53	146	152	349	4.44672326939375
1375	143	349	668	782	4.4467039093955
1376	349	619	668	1083	4.44670078619782
1377	668	1083	1466	2246	4.44669719506411
1378	6	143	349	1176	4.44666853115257
1379	143	241	289	349	4.44662357500136
1380	6	143	349	3601	4.44660503115257
1381	143	152	349	2153	4.44656892518411
1382	146	168	349	2334	4.44653313209059
1383	143	203	349	2316	4.44642201712713
1384	152	349	1592	1667	4.44640420919246
1385	143	349	615	668	4.4463869093955
1386	146	168	349	1064	4.44638513209059
1387	143	241	349	1380	4.44637957500136
1388	143	241	349	688	4.44635932500136
1389	141	247	349	668	4.44634900349112
1390	143	152	159	349	4.44633417518411
1391	146	152	349	4611	4.44633022378147
1392	143	241	349	485	4.44614882500136
1393	146	152	349	813	4.44608347378147
1394	86	143	349	668	4.4460326593955
1395	6	152	203	349	4.44600781724893
1396	146	280	349	1995	4.44599671041327
1397	143	168	349	994	4.44596460543463
1398	6	349	668	1995	4.44595380523275
1399	143	168	349	579	4.44592235543463
1400	280	349	1083	1592	4.44582527641302
1401	6	143	349	387	4.44578603115257
1402	146	152	349	3579	4.44576997378147
1403	349	668	1083	1984	4.44576078619782
1404	146	280	349	3342	4.44570482303332
1405	6	143	349	4282	4.44564553115257
1406	72	668	1073	1083	4.44562585495097
1407	146	280	349	1120	4.44562553530591
1408	143	241	349	813	4.44560982500136
1409	82	349	668	1083	4.44558154430791
1410	143	152	349	2423	4.44556517518411
1411	143	349	1073	1592	4.44555466331268
1412	146	152	349	359	4.44554767630104
1413	143	152	349	4329	4.44543367518411
1414	668	1083	2246	3525	4.44530780061184
1415	14	143	203	349	4.44530176712713
1416	143	152	349	1695	4.44530117518411
1417	6	146	349	1607	4.44527569245316
1418	152	349	1592	1728	4.44523641745764
1419	6	146	232	349	4.44523569245316
1420	146	152	349	2320	4.44523072378147
1421	143	241	349	2016	4.44522882500136
1422	6	310	349	1592	4.4451877199377
1423	6	143	349	3464	4.44516628115257
1424	146	152	349	646	4.44515747825367
1425	6	241	280	349	4.44515734847792
1426	143	349	415	1073	4.44513552791749
1427	76	349	668	1083	4.44509759139136
1428	6	143	349	2016	4.44507203115257
1429	143	152	349	793	4.44501733329008
1430	668	1083	2184	3525	4.44498843748683
1431	6	143	349	2691	4.44496432436321
1432	349	668	1083	1863	4.44493534732654
1433	289	349	668	1083	4.44491553619781
1434	152	349	546	1592	4.4448950458282
1435	349	392	1028	1096	4.44488607694836
1436	6	146	337	349	4.44484969245316
1437	143	152	349	4184	4.44483309177682
1438	152	349	719	1592	4.44481327428872
1439	6	143	316	349	4.44477603115257
1440	146	152	196	349	4.44475767046638
1441	168	203	349	1592	4.44472465466012
1442	143	241	338	349	4.44469082500136
1443	146	241	349	899	4.44467834376621
1444	143	349	668	2334	4.4446189093955
1445	139	241	349	1592	4.44460682968165
1446	143	152	349	791	4.44458867518411
1447	143	349	531	1592	4.44455459043198
1448	152	280	349	668	4.44452474962082
1449	143	241	349	1204	4.4445034343019
1450	6	143	349	2316	4.44450153115257
1451	88	349	668	1083	4.44449078619782
1452	146	152	211	349	4.44445996763166
1453	6	146	349	4992	4.44443969245316
1454	143	241	319	349	4.44438907500136
1455	6	168	349	531	4.44432162805516
1456	146	168	349	2054	4.44430663209059
1457	152	349	543	1592	4.44430191745764
1458	143	349	668	2053	4.44429729701373
1459	146	241	349	1984	4.44424009376621
1460	152	289	349	1592	4.44418066745764
1461	349	668	815	1669	4.44417412916665
1462	143	152	349	2787	4.44416167518411
1463	143	152	349	2974	4.44415117518411
1464	146	349	1482	2213	4.44411022255169
1465	143	168	349	376	4.44410500299744
1466	143	241	349	1532	4.44407940865105
1467	6	41	143	349	4.44406478115257
1468	146	152	349	2100	4.44396047378147
1469	6	146	349	1313	4.44392419245316
1470	6	14	349	1592	4.44388706405785
1471	143	349	668	3622	4.4438359093955
1472	143	241	349	725	4.44382757500136
1473	6	143	349	936	4.44377803115257
1474	668	1083	1669	2246	4.44377363332063
1475	146	310	349	1096	4.44376003430801
1476	143	152	349	521	4.44374896757438
1477	143	203	349	3342	4.44374426712713
1478	46	146	168	349	4.44370138209059
1479	143	146	211	349	4.44369816837207
1480	143	203	349	2053	4.44366442171315
1481	146	152	349	3521	4.44365422378147
1482	349	392	1096	1532	4.44364544982194
1483	143	146	349	899	4.44363866837207
1484	143	156	241	349	4.44363407500136
1485	146	349	1096	1592	4.44352996898215
1486	146	203	280	349	4.44349858562616
1487	143	152	349	3601	4.44349067518411
1488	143	152	349	1843	4.44346692518411
1489	6	143	349	3371	4.44346578115257
1490	146	168	349	3360	4.44341763209059
1491	143	241	349	2316	4.44341682500136
1492	146	168	349	739	4.44340275827467
1493	143	241	309	349	4.44337207500136
1494	143	349	668	3521	4.4433596593955
1495	146	152	349	916	4.44331647378147
1496	143	203	349	579	4.44331551712713
1497	105	143	152	349	4.44329488966975
1498	143	146	349	1319	4.44325866837207
1499	143	241	349	1667	4.44321515719565
1500	152	222	349	1592	4.44320536587871
1501	349	668	1669	1995	4.44315501830311
1502	6	143	349	904	4.44312128115257
1503	6	146	349	731	4.44311994245316
1504	112	349	668	1083	4.44309703619782
1505	152	349	754	1592	4.44305191745764
1506	6	143	349	695	4.44304678115257
1507	152	349	813	1592	4.44303666745764
1508	146	152	349	2246	4.44302697636236
1509	241	349	899	1592	4.44302482968165
1510	6	143	349	670	4.44298703115257
1511	6	146	349	2246	4.44295352477902
1512	14	146	349	1482	4.44292682758207
1513	143	241	349	1357	4.44285732500136
1514	146	349	531	668	4.44284904270643
1515	178	349	668	1083	4.44283953619782
1516	143	152	349	351	4.44280467518411
1517	143	168	349	3342	4.44275610543463
1518	143	193	349	1096	4.44273781199468
1519	6	143	349	4329	4.44269953115257
1520	152	349	639	1592	4.44269759708459
1521	143	241	349	359	4.44264344003869
1522	146	168	349	3521	4.44260813209059
1523	143	168	211	349	4.44258885543463
1524	143	152	349	1011	4.44254803636505
1525	143	152	349	4410	4.44254617518411
1526	6	143	349	2392	4.44253853115257
1527	152	290	349	1592	4.44252841745764
1528	14	143	168	349	4.44252010543463
1529	6	146	349	891	4.44243769245316
1530	143	168	349	879	4.44243310543463
1531	143	152	349	1969	4.44242715054819
1532	146	168	349	1299	4.44240913209059
1533	146	152	222	349	4.44240108367641
1534	143	152	349	971	4.44238792518411
1535	6	143	349	791	4.44237828115257
1536	146	152	349	977	4.44235722378147
1537	146	152	349	3091	4.44228597378147
1538	349	668	1083	2657	4.44223603619782
1539	146	152	349	913	4.44222222378147
1540	143	152	349	4282	4.44221117518411
1541	146	168	319	349	4.44219838209059
1542	211	241	349	1592	4.44217232968165
1543	146	349	579	1482	4.44212332758207
1544	6	146	349	2866	4.44211044245316
1545	143	152	349	4962	4.44206892518411
1546	211	349	668	1083	4.44206453619782
1547	146	349	646	1096	4.4420613933836
1548	30	143	152	349	4.44205667518411
1549	152	349	359	1592	4.44204994439344
1550	143	349	646	1096	4.44202177241529
1551	146	280	349	899	4.44200407303332
1552	161	349	668	1083	4.44196278619782
1553	349	407	668	1083	4.44180403619782
1554	143	349	668	1204	4.44178551869605
1555	143	152	349	391	4.44174092518411
1556	152	349	1592	1719	4.44159891745764
1557	6	146	152	280	4.44159215780449
1558	6	146	349	2423	4.44150944245316
1559	143	152	349	1170	4.44150267518411
1560	11	280	349	1096	4.44147976539047
1561	143	335	349	668	4.4414089093955
1562	82	146	349	668	4.44139986690932
1563	168	241	349	2463	4.44137492317089
1564	280	349	668	1096	4.44136643169943
1565	146	280	349	1892	4.44135735341863
1566	152	349	1592	2246	4.44120001884527
1567	152	349	1592	2320	4.44119866745764
1568	143	241	341	349	4.44118707500136
1569	6	143	159	349	4.44115728115257
1570	143	280	349	1028	4.44112546222746
1571	6	143	349	2053	4.44111641877079
1572	143	151	349	668	4.44108578381271
1573	143	203	349	3023	4.44106926712713
1574	152	349	1319	1592	4.44105166745764
1575	143	152	349	1128	4.4410421896322
1576	143	152	349	1351	4.44097317518411
1577	143	152	349	812	4.44090992518411
1578	247	349	668	3525	4.44090763618972
1579	139	146	241	349	4.44088784376621
1580	143	349	668	813	4.4408734093955
1581	146	349	392	668	4.44087055831178
1582	146	168	349	812	4.44075638209059
1583	168	349	1083	1592	4.44072940396848
1584	6	143	349	1252	4.44070778115257
1585	6	222	349	668	4.44067762084843
1586	6	143	349	2997	4.44061528115257
1587	143	168	349	899	4.44059760543463
1588	349	668	1083	3073	4.44048553619782
1589	53	152	349	1592	4.44046633172523
1590	146	168	349	4611	4.44045763209059
1591	143	152	349	953	4.44045698698293
1592	349	668	1083	2392	4.44038903619782
1593	146	168	349	3622	4.44038513209059
1594	152	349	1592	1607	4.44034541745764
1595	146	349	668	1418	4.44032048118114
1596	143	152	349	3726	4.44027392518411
1597	143	196	349	668	4.44025490147985
1598	143	211	349	1096	4.44020797784395
1599	143	152	349	358	4.44020242518411
1600	146	152	349	4286	4.44019072378147
1601	143	152	349	1394	4.44019067518411
1602	146	152	349	1313	4.44016472378147
1603	349	668	1083	1313	4.44015578619782
1604	146	280	349	617	4.44013107303332
1605	143	349	551	668	4.44012642283841
1606	86	349	668	1083	4.44011578619782
1607	146	168	349	725	4.44010938209059
1608	143	152	349	2398	4.44001592518411
1609	143	152	349	904	4.44000042518411
1610	168	349	521	668	4.43998750983154
1611	6	146	339	349	4.43994594245316
1612	6	143	349	1843	4.43988828115257
1613	241	349	1096	2463	4.43975580581496
1614	143	241	349	2100	4.43974357500136
1615	143	241	349	2657	4.43967982500136
1616	146	349	663	1096	4.43966608452946
1617	152	349	1287	1592	4.43961423585559
1618	6	146	349	676	4.43960869245316
1619	143	349	994	1096	4.43960772784395
1620	143	168	349	782	4.43951460543463
1621	143	349	668	2657	4.4394734093955
1622	143	241	349	615	4.43941232500136
1623	280	349	1592	2213	4.43931670230166
1624	6	143	349	4380	4.43928903115257
1625	280	349	793	1096	4.43928756839852
1626	146	349	668	3773	4.4392797520291
1627	143	152	349	1591	4.43926092518411
1628	6	143	349	2267	4.43923053115257
1629	143	146	349	646	4.43921104119049
1630	146	349	1028	1482	4.43913895612022
1631	119	146	168	349	4.4391354713954
1632	152	349	1592	2614	4.43913249923402
1633	143	152	349	2970	4.43907592518411
1634	143	349	661	668	4.4390426593955
1635	143	168	349	1984	4.43901985543463
1636	143	168	349	551	4.43899269968216
1637	146	152	349	3074	4.43898897378147
1638	146	152	349	848	4.43897187211378
1639	143	152	349	855	4.43896542518411
1640	146	152	319	349	4.43893447378147
1641	6	146	349	3271	4.43892694245316
1642	146	152	349	1863	4.43885828281715
1643	143	152	349	690	4.43878517518411
1644	143	280	349	1984	4.43877507887959
1645	146	168	349	1648	4.43874779586393
1646	143	146	349	1984	4.43871391837207
1647	6	143	349	1262	4.43869403115257
1648	349	668	1083	1892	4.43867208592045
1649	146	152	349	1362	4.43864722378147
1650	152	203	349	1995	4.43856361246939
1651	146	152	349	1532	4.43855933478842
1652	146	152	349	879	4.43852722378147
1653	6	146	349	867	4.43851969245316
1654	72	310	668	1083	4.43851964672282
1655	143	146	349	1653	4.43851316837207
1656	143	152	349	1220	4.43850142518411
1657	247	349	668	1995	4.43850137366135
1658	143	152	326	349	4.43849478875756
1659	143	152	349	574	4.43845767518411
1660	146	349	392	719	4.438435436474
1661	349	668	994	1592	4.43841816162356
1662	143	349	668	848	4.43841255772781
1663	146	152	337	349	4.43838847378147
1664	143	152	349	706	4.43830041670821
1665	6	146	349	813	4.43827919245316
1666	152	349	668	3525	4.43827020931023
1667	143	152	349	670	4.43826167518411
1668	143	168	349	3799	4.43825641788663
1669	143	349	939	1096	4.43820522784395
1670	143	241	349	656	4.43820057500136
1671	143	280	349	899	4.43819732887959
1672	146	241	349	1669	4.43814550998604
1673	157	349	668	1083	4.43813903619782
1674	143	241	349	3173	4.43813836968864
1675	146	152	349	782	4.43809097378147
1676	349	434	668	1083	4.43808822433732
1677	6	143	202	349	4.43799228115257
1678	6	143	195	349	4.43793678689923
1679	143	349	793	1096	4.43788365079192
1680	6	222	349	1592	4.4378517669435
1681	143	222	280	349	4.4377915534464
1682	146	241	349	3799	4.43777707156645
1683	349	668	1083	1397	4.43775178619781
1684	143	152	349	3563	4.43768792518411
1685	146	241	349	1153	4.43763059376621
1686	143	241	349	711	4.43762632500136
1687	6	146	349	4343	4.43760944245316
1688	241	349	531	2463	4.43759988090844
1689	6	146	157	349	4.43759169245316
1690	349	617	668	1083	4.43758753619782
1691	6	143	349	2970	4.43757678115257
1692	280	349	392	2213	4.43756440929995
1693	6	146	349	3296	4.43756244245316
1694	132	349	668	1083	4.43750003619782
1695	280	349	392	1532	4.43742623157269
1696	280	349	392	1028	4.43735306245841
1697	146	168	316	349	4.43734438209059
1698	286	349	668	1083	4.43733478619782
1699	6	222	349	1096	4.43732842224988
1700	143	168	349	1798	4.43729371391448
1701	152	196	349	1592	4.43708391955928
1702	6	146	349	3514	4.43707044245316
1703	82	146	349	1096	4.4370396617109
1704	143	349	1073	1096	4.43701916910826
1705	168	349	531	1592	4.43698909342588
1706	119	146	152	349	4.43698681308628
1707	152	349	977	1592	4.43695441745764
1708	318	349	668	1083	4.43695353619781
1709	143	241	349	1648	4.43689203058055
1710	143	349	668	1843	4.4368804093955
1711	349	602	668	1083	4.43684553619781
1712	349	392	1096	2213	4.43682752318497
1713	6	168	349	1083	4.43682591293151
1714	6	143	349	912	4.43682553115257
1715	349	668	725	1083	4.43681328619782
1716	143	241	349	2107	4.43680168922128
1717	6	146	349	3521	4.43669144245316
1718	143	168	349	3023	4.43669060543463
1719	203	241	349	1083	4.43667551433972
1720	152	349	1592	4992	4.43662841745764
1721	143	338	349	668	4.4366251593955
1722	143	152	349	790	4.43660902651034
1723	146	168	349	1287	4.43658126399276
1724	143	152	349	968	4.43657992518411
1725	143	241	349	891	4.43656932500136
1726	143	168	349	617	4.43656910543463
1727	146	152	349	2332	4.43655447378147
1728	280	349	1096	1121	4.43654326989621
1729	143	152	349	462	4.43654017518411
1730	6	146	349	670	4.43653194245316
1731	152	349	390	1592	4.43649316745764
1732	146	349	793	1096	4.43648349126446
1733	143	152	349	958	4.43646867518411
1734	143	289	349	668	4.4364034093955
1735	241	349	1592	1892	4.43640202410849
1736	143	349	392	1028	4.43637793354293
1737	143	152	349	3115	4.43637617518411
1738	6	152	349	551	4.43637398297905
1739	241	349	1592	1984	4.43637382968165
1740	222	241	349	668	4.43636241448515
1741	143	241	349	564	4.43625497731396
1742	143	349	668	2101	4.43624996532863
1743	6	143	349	4206	4.43622903115257
1744	143	211	280	349	4.43621532887959
1745	6	88	143	349	4.43620503115257
1746	143	168	349	1204	4.43618151315015
1747	143	152	349	4332	4.43617217518411
1748	146	159	168	349	4.43607013209059
1749	146	152	349	725	4.43602597378147
1750	241	349	782	1592	4.43601507968165
1751	143	146	349	415	4.43600258147844
1752	152	349	668	2463	4.43590139580783
1753	6	146	349	651	4.43586569245316
1754	6	146	349	725	4.43586469245316
1755	143	203	349	916	4.43585026712713
1756	6	146	349	875	4.43584294245316
1757	143	152	349	1722	4.43583817518411
1758	6	146	349	1010	4.43577390400134
1759	6	222	349	392	4.43576263009368
1760	6	146	349	1374	4.43572944245316
1761	6	143	349	1670	4.43567878115257
1762	152	299	349	1592	4.43567791745764
1763	6	143	349	4019	4.43565128115257
1764	143	349	663	668	4.43563975884923
1765	143	203	349	3360	4.43562801712713
1766	152	156	349	1592	4.43558791745764
1767	6	146	349	656	4.43557519245316
1768	241	349	1653	2463	4.43557002933106
1769	152	349	1592	3091	4.43556941745764
1770	143	280	349	3235	4.43554732887959
1771	6	143	349	3045	4.43554328115257
1772	146	241	349	1299	4.43554134376621
1773	146	168	196	349	4.43547947723083
1774	349	668	1083	2090	4.43545678619782
1775	241	349	551	1592	4.43544114804551
1776	143	280	349	1669	4.43542988844599
1777	143	241	349	1046	4.43540907500136
1778	143	280	349	564	4.43540751284817
1779	152	157	349	1592	4.43538791745764
1780	143	168	349	1532	4.43537558970139
1781	146	168	280	1096	4.43535673593371
1782	146	152	349	738	4.43535347378147
1783	146	349	899	1482	4.43535182758207
1784	143	146	349	939	4.43532116837207
1785	203	349	1073	1592	4.43530609788999
1786	143	349	668	1046	4.4352619093955
1787	152	349	848	1592	4.43522244225159
1788	280	349	392	1121	4.43521606695256
1789	139	143	280	349	4.43520932887959
1790	280	349	1096	3173	4.4351988511451
1791	143	241	349	731	4.43519532500136
1792	146	152	316	349	4.43516247378147
1793	6	143	349	367	4.43512853115257
1794	152	349	1592	4286	4.43510391745764
1795	6	146	349	491	4.43507194245316
1796	143	203	349	2493	4.43507051712713
1797	143	241	247	349	4.43506694694549
1798	143	241	349	1397	4.43505257500136
1799	143	349	668	2040	4.4350449093955
1800	6	143	349	1357	4.43503428115257
1801	6	146	312	349	4.43501469245316
1802	146	168	189	349	4.43501413209059
1803	146	152	349	485	4.43499547378147
1804	146	152	349	2657	4.43498322378147
1805	146	203	349	1995	4.43496831557758
1806	143	152	349	866	4.43491442518411
1807	143	146	349	1028	4.43491098240673
1808	146	152	349	875	4.43488147378147
1809	316	349	668	1083	4.43488053619782
1810	241	349	1153	1592	4.43486882968165
1811	222	241	349	1482	4.434861566055
1812	6	146	349	916	4.43481994245316
1813	80	143	152	349	4.43480742518411
1814	143	241	349	1374	4.43478282500136
1815	290	349	668	1083	4.43469778619782
1816	6	143	349	1952	4.43467928115257
1817	143	152	349	2004	4.43467267518411
1818	146	241	290	349	4.43466159376621
1819	146	152	349	778	4.43463772378147
1820	143	349	719	1083	4.43450253639213
1821	143	241	349	1176	4.43448482500136
1822	146	203	349	1482	4.43445026825468
1823	6	146	349	3579	4.43443444245316
1824	349	579	668	1083	4.43437878619782
1825	152	349	1592	2054	4.43433916745764
1826	143	152	193	349	4.43432379086035
1827	146	241	349	782	4.43431984376621
1828	152	349	916	1592	4.43431491745764
1829	143	310	349	415	4.43427704906233
1830	143	349	543	668	4.4342384093955
1831	241	349	1592	1669	4.43423740136232
1832	143	349	1096	1319	4.43412097784395
1833	6	146	349	1857	4.43411794245316
1834	143	152	349	4347	4.43411392518411
1835	349	668	831	1083	4.43410553619782
1836	82	146	280	349	4.43409084940332
1837	143	349	551	1482	4.43408573864475
1838	139	349	668	1083	4.43403603619782
1839	6	143	349	2167	4.43401353115257
1840	349	668	1083	3710	4.43401103619782
1841	6	168	349	392	4.43401081587421
1842	143	152	349	911	4.43401042518411
1843	146	241	349	407	4.43399284376621
1844	152	349	1592	3799	4.43395107007076
1845	349	668	1592	3023	4.43390116162356
1846	349	668	1083	1299	4.43388678619782
1847	146	349	1096	1653	4.43388334167941
1848	143	152	349	4018	4.43387817518411
1849	143	168	349	3360	4.43385185543463
1850	132	143	152	349	4.43384617518411
1851	241	349	1299	1592	4.43383907968165
1852	146	280	349	939	4.43383007303332
1853	152	177	241	349	4.43382824926891
1854	6	119	146	349	4.43377600898575
1855	143	241	349	739	4.43376682500136
1856	349	668	1083	1591	4.43375303619782
1857	143	168	349	1892	4.43374768668296
1858	152	349	1592	4327	4.43374741745764
1859	143	152	349	367	4.43370067518411
1860	146	280	349	564	4.43366725238212
1861	82	146	168	349	4.43364456667668
1862	6	146	251	349	4.43363844245316
1863	139	146	280	349	4.43362207303332
1864	152	241	349	719	4.43361663624088
1865	146	349	1096	1319	4.43356634167941
1866	143	349	1096	1984	4.43352572784395
1867	338	349	668	1083	4.43352503619782
1868	152	241	349	1083	4.43351652549726
1869	143	241	349	2903	4.43343382500136
1870	222	241	349	1083	4.43342391545894
1871	82	146	349	392	4.43336386352222
1872	349	465	668	1083	4.43332753619782
1873	146	168	349	1487	4.43328838209059
1874	143	349	668	1798	4.43328142046054
1875	6	280	349	668	4.43327266376302
1876	241	349	407	1592	4.43322057968165
1877	349	668	1083	1482	4.43320195854757
1878	152	349	875	1592	4.43316841745764
1879	168	349	668	1995	4.43313799280301
1880	152	287	349	1592	4.43310916745764
1881	146	349	1482	3773	4.43301589184482
1882	349	668	1319	1592	4.43298966162356
1883	349	668	1083	2668	4.43296478619782
1884	72	247	668	1083	4.43296263474706
1885	6	143	349	4783	4.43292228115257
1886	146	152	349	3387	4.43290822378147
1887	6	349	579	1592	4.43284506405785
1888	143	349	668	854	4.4327454093955
1889	146	168	349	4992	4.43272513209059
1890	143	152	349	2799	4.43271042518411
1891	146	152	349	1374	4.43270997378147
1892	143	203	349	3525	4.43268803358834
1893	41	143	241	349	4.43268382500136
1894	143	152	349	852	4.43263392518411
1895	146	241	349	879	4.43256959376621
1896	11	146	349	392	4.43249513061583
1897	143	152	349	1252	4.43248842518411
1898	146	168	349	1356	4.43247813209059
1899	6	146	349	750	4.43241869245316
1900	14	280	349	1592	4.43240455947983
1901	349	433	668	1083	4.43232653619782
1902	146	168	349	663	4.43231512897862
1903	53	143	241	349	4.43231199000666
1904	203	280	349	1592	4.43228894033811
1905	146	152	349	750	4.43228522378147
1906	241	349	531	1073	4.43225708589357
1907	146	152	349	1895	4.43225322378147
1908	79	143	152	349	4.43223917518411
1909	6	143	349	1345	4.43220528115257
1910	152	349	411	1096	4.43212934746632
1911	143	203	349	617	4.43211676712713
1912	143	168	349	913	4.43201610543463
1913	6	146	349	2054	4.43201544245316
1914	6	143	349	1713	4.43197003115257
1915	241	349	1592	1798	4.43196181199118
1916	143	241	349	2114	4.43196157500136
1917	6	143	349	2221	4.43193578115257
1918	143	152	241	1073	4.43192550484452
1919	6	143	349	1350	4.43190303115257
1920	143	241	349	4992	4.43189407500136
1921	146	152	349	2060	4.43188824667948
1922	152	168	349	521	4.43186000390672
1923	143	152	349	1235	4.43185092518411
1924	146	168	349	754	4.43183438209059
1925	143	152	349	1197	4.43177617518411
1926	349	668	1083	1298	4.43175114167667
1927	143	146	349	617	4.43171241837207
1928	241	310	349	2463	4.43169034670009
1929	168	222	349	1096	4.43168592922013
1930	349	579	668	1592	4.43167941162356
1931	6	146	349	661	4.43153869245316
1932	349	668	782	1083	4.43151703619782
1933	152	349	559	1592	4.43150816745764
1934	143	319	349	668	4.4314901593955
1935	31	349	668	1083	4.43148553619782
1936	143	146	349	3023	4.43146991837207
1937	349	573	668	1083	4.43145165262225
1938	14	349	668	1592	4.43144691162356
1939	143	241	349	1591	4.43144282500136
1940	146	241	349	1356	4.43142609376621
1941	143	152	349	405	4.43137967518411
1942	146	152	349	731	4.43136847378147
1943	349	410	668	1083	4.43136828619782
1944	349	668	1083	2100	4.43133153619782
1945	143	146	349	3799	4.4312974484041
1946	6	146	349	1007	4.43125294245316
1947	146	349	939	1096	4.43122534167941
1948	46	143	349	668	4.4311784093955
1949	143	168	349	2054	4.43112210543463
1950	146	152	349	1032	4.43106147378147
1951	349	668	1592	1653	4.43104391162356
1952	152	349	782	1592	4.43102666745764
1953	143	152	349	3464	4.43100767518411
1954	143	203	349	407	4.43099601712713
1955	146	152	349	4728	4.43099497378147
1956	349	668	1592	2614	4.43099422531937
1957	146	152	349	559	4.43099147378147
1958	247	668	1083	3525	4.43095046522208
1959	146	168	287	349	4.43088338209059
1960	88	143	203	349	4.43087001712713
1961	143	280	349	1299	4.43086032887959
1962	119	143	203	349	4.43085885994036
1963	241	349	1592	3235	4.43084407968165
1964	152	349	1592	2100	4.43083791745764
1965	6	143	349	592	4.43080253115257
1966	6	143	349	702	4.43079153115257
1967	143	241	349	1843	4.43078257500136
1968	143	316	349	668	4.4307301593955
1969	6	146	349	2100	4.43072544245316
1970	6	11	152	349	4.43059638185351
1971	146	203	349	1592	4.43058452157988
1972	349	392	1096	1482	4.43056899083566
1973	6	82	280	349	4.43056475747036
1974	46	241	349	1592	4.43056282968165
1975	143	168	349	407	4.43052685543463
1976	146	168	349	2332	4.43047913209059
1977	241	349	1592	3444	4.43043682968165
1978	6	105	143	349	4.43042427092595
1979	143	280	349	1667	4.43036477156539
1980	152	349	392	1482	4.43034507787457
1981	14	143	349	1482	4.43032698945722
1982	349	668	2184	3525	4.43031969318034
1983	6	143	224	349	4.43028728115257
1984	143	152	349	2992	4.43025131685754
1985	255	349	668	1083	4.43023853619782
1986	143	349	668	1357	4.4302079093955
1987	6	349	392	1041	4.43020256367084
1988	143	349	465	668	4.4301816593955
1989	319	349	668	1083	4.43016328619782
1990	14	152	241	349	4.43012766555193
1991	146	241	349	3444	4.43004934376621
1992	112	241	1073	2053	4.43004261217633
1993	146	241	349	465	4.42996084376621
1994	168	349	1096	1482	4.42995467267252
1995	152	241	349	710	4.42994685772277
1996	143	280	349	3360	4.42994032887959
1997	152	349	938	1592	4.42993916745764
1998	6	143	349	3825	4.42991878115257
1999	146	152	349	1487	4.42986222378147
2000	146	152	349	867	4.42986163781935
