0.783118573409305
0.767639126429538
0.765402058255409
0.756673394865573
0.755012859028962
0.745669855478855
0.742596398028971
0.742341792177205
0.740434970533102
0.739198119752485
0.738026087599539
0.737931861304604
0.737731906644995
0.736536229862267
0.736355963930956
0.735096727340195
0.734823897471797
0.734818061308357
0.734125769674757
0.734089420729614
0.733729006314993
0.733699908402255
0.733636144227306
0.732042411403681
0.731422633312598
0.730836486775636
0.730666739224034
0.730384514842001
0.730165567850864
0.729989897049271
0.729968201025289
0.729413
0.72917875
0.72903675
0.728734474027463
0.728550231787254
0.728368
0.728294
0.727834938211906
0.727788690754715
0.72771425
0.727538896296786
0.727507477642923
0.727239718474483
0.726952628799455
0.72678525
0.7267785
0.7267085
0.72657875
0.7264595
0.726407822272604
0.72635825
0.726087945476616
0.726021234720269
0.725448399906223
0.72524825
0.725187786614177
0.725064177866802
0.72486825
0.724582091490858
0.724400552354259
0.72414034813795
0.724098372378483
0.724071799045661
0.72377575
0.72370675
0.72359637837056
0.72347225
0.72331225
0.72323175
0.723227
0.7231955
0.72319
0.72314875
0.7229895
0.72298825
0.722959838624203
0.722951
0.72275375
0.72263525
0.722594569197465
0.72248775
0.722472352547624
0.7224635
0.722427
0.722402655391921
4.47677635547435
4.37767946068924
4.38321232227963
2.27775633665661
4.30196682943
4.34749411624633
4.13079466760669
4.33746400056679
4.32661780379433
4.31888380379433
4.30573105379433
4.18491279755665
4.30429730379433
4.18921099375181
4.16623513294756
4.30271655379433
2.26404637986617
4.29114957336607
4.29873132415141
4.24381949036229
4.30570030379433
4.34055657044046
4.27215764660756
4.29649631485937
4.28149880379433
4.35375883434695
2.25780904040133
4.26042766309487
4.30205784851622
2.25755318749091
4.51529401400855
4.27719205379433
2.25620148165906
2.25596461711548
2.25512730880401
4.24800678577633
4.27292336363344
7.29721104173179
7.38527471473737
7.50094681257041
4.54878073536256
4.54643500604922
7.32294312139426
4.54267240060569
7.40841116900676
7.21769243597707
7.24308457150692
7.27815106552923
4.5346417771561
4.53391924261333
4.53227108955975
7.31598217518411
4.52965029466322
4.52906489736415
7.20375982533908
4.52734742518411
15.9538363619725
15.6940871483475
15.5996322476759
15.6247568297774
15.7271059479718
15.4841161525608
15.3895167248903
15.5818651560658
15.5376981639286
15.8120092811937
15.6407221159814
15.6436450340039
15.5891157154052
15.4584686424697
15.4925406347906
15.7547534095484
15.0630546144525
15.4826164174976
15.3624047306593
15.3138724693478
15.4041491927555
15.5281996443046
15.5825366903009
15.6818837842839
15.5898260882896
15.1725357557993
15.5368078701279
15.3382348602944
15.2387387792797
15.1477865282055
15.5156522288366
15.2030315733364
15.5778194911576
15.5357627011288
15.3205009849898
15.3501333425522
15.1724919935404
15.3912247766473
15.0741536608213
15.2391921808946
15.4011601934482
15.4949923747839
15.3289068915223
7.53384914907905
14.987549234019
15.2473401544474
15.7650360797679
15.3598736180987
11.0229809414479
7.5262428638016
10.7183341379855
15.3604637087775
7.52307554871032
15.1076363154517
7.52246158758349
11.1334196024088
7.52207713987653
7.52144318952976
7.52124830098752
7.52022356540184
7.5180097989036
